控制
0944/40/39 17:40:04
比特
  SN_29         00000000 00000000 00000000 00000000 *-SS_29LT       00000000 00000000 00000011 11111111 
  SN_PCH        00000000 00000000 00000000 00000000 *-SN_60         00000001 00000000 00000000 00000000 
  SN_60A        00000000 00000000 00000000 00000000 *-SW_60E        00010011 00000000 00000000 00000000 
  SP_DIAG_0000H 00000000 00000000 00000000 00000000   SP_DIAG_0000H 00000000 00000000 00000000 00000000 
  SS_PWF        00000000 00000000 00000000 00000000   SS_ACFS       00000000 00000000 00000000 00000000 
  SS_PSPF       00000000 00000000 00000000 00000000 *-SS_RPWD       00010000 00000010 00000011 00000011 
  SP_DIAG_0000H 00000000 00000000 00000000 00000000   SS_P12VF      00000000 00000000 00000000 00000000 
  SS_24VF       00000000 00000000 00000000 00000000 *-SP_DIAG_0000H 00010000 00010000 00000000 00000000 
  SW_ACFST      00000000 00000000 00000000 00000000 *-SW_PSPFT      00000000 00000000 00000011 11111111 
  SP_DIAG_0000H 00000000 00000000 00000000 00000000 *-SW_D89        00000001 00000000 00000000 00000000 
  SW_EST        00000000 00000000 00000000 00000000 *-SW_SFS        00010011 00000000 00000000 00000000 
  SW_NFS        00000000 00000000 00000000 00000000   SD_32GQ       00000000 00000000 00000000 00000000 
  SC_S29        00000000 00000000 00000000 00000000   SS_MCP_D89    00000000 00000000 00000000 00000000 
  SS_DEST       00000000 00000000 00000000 00000000 *-SP_DIAG_0000H 00010000 00000010 00000011 00000011 
  SW_NDP        00000000 00000000 00000000 00000000   SW_RTY        00000000 00000000 00000000 00000000 
  SW_NRS        00000000 00000000 00000000 00000000 *-SD_DNRS       00010000 00010000 00000000 00000000 
  SP_RUNC       00000000 00000000 00000000 00000000 *-SY_FD22       00000000 00000000 00000011 11111111 
  SC_F43        00000000 00000000 00000000 00000000 *-SC_R43        00000001 00000000 00000000 00000000 
  SY_F1_D21     00000000 00000000 00000000 00000000 *-SY_F1_D22     00010011 00000000 00000000 00000000 
  SY_R1_D21     00000000 00000000 00000000 00000000   SY_R1_D22     00000000 00000000 00000000 00000000 
  SS_MCP_D21    00000000 00000000 00000000 00000000   SS_MCP_D21R   00000000 00000000 00000000 00000000 
  SS_MCP_D22    00000000 00000000 00000000 00000000 *-SN_41DGA      00010000 00000010 00000011 00000011 
  SN_41DG       00000000 00000000 00000000 00000000   SN_G4         00000000 00000000 00000000 00000000 
  SN_D41N       00000000 00000000 00000000 00000000 *-SN_D41        00010000 00010000 00000000 00000000 
  SN_DOQ        00000000 00000000 00000000 00000000 *-SN_DOQR       00000000 00000000 00000011 11111111 
  SF_F41G       00000000 00000000 00000000 00000000 *-SF_FCLT       00000001 00000000 00000000 00000000 
  SF_FFG        00000000 00000000 00000000 00000000 *-SF_FOLT       00010011 00000000 00000000 00000000 
  SF_R41G       00000000 00000000 00000000 00000000   SF_RCLT       00000000 00000000 00000000 00000000 
  SF_RFG        00000000 00000000 00000000 00000000   SF_ROLT       00000000 00000000 00000000 00000000 
  SY_DRL        00000000 00000000 00000000 00000000 *-SN_RL         00010000 00000010 00000011 00000011 
  SY_DRLOK      00000000 00000000 00000000 00000000   SN_DZCC       00000000 00000000 00000000 00000000 
  ST_41DGL      00000000 00000000 00000000 00000000 *-SY_DIRF       00010000 00010000 00000000 00000000 
  SY_SELM5      00000000 00000000 00000000 00000000 *-SY_D5         00000000 00000000 00000011 11111111 
  SS_MCP_D5     00000000 00000000 00000000 00000000 *-SN_5          00000001 00000000 00000000 00000000 
  SY_DBC        00000000 00000000 00000000 00000000 *-SY_DCONL      00010011 00000000 00000000 00000000 
  SY_IGEN       00000000 00000000 00000000 00000000   SY_DEPT       00000000 00000000 00000000 00000000 
  SY_WIN        00000000 00000000 00000000 00000000   SY_WM         00000000 00000000 00000000 00000000 
  SP_DIAG_0000H 00000000 00000000 00000000 00000000 *-SP_DIAG_0000H 00010000 00000010 00000011 00000011 
  SY_DLB        00000000 00000000 00000000 00000000   SN_LB         00000000 00000000 00000000 00000000 
  SY_DSB        00000000 00000000 00000000 00000000 *-SY_DSB2       00010000 00010000 00000000 00000000 
  SN_BK1        00000000 00000000 00000000 00000000 *-SN_BK2        00000000 00000000 00000011 11111111 
  SP_DIAG_0000H 00000000 00000000 00000000 00000000 *-SP_DIAG_0000H 00000001 00000000 00000000 00000000 
  SP_DIAG_0000H 00000000 00000000 00000000 00000000 *-SP_DIAG_0000H 00010011 00000000 00000000 00000000 
  SP_DIAG_0000H 00000000 00000000 00000000 00000000   SP_DIAG_0000H 00000000 00000000 00000000 00000000 
  SP_DIAG_0000H 00000000 00000000 00000000 00000000   SP_DIAG_0000H 00000000 00000000 00000000 00000000 
  SP_DIAG_0000H 00000000 00000000 00000000 00000000 *-SP_DIAG_0000H 00010000 00000010 00000011 00000011 
  SW_DOPN       00000000 00000000 00000000 00000000   SS_DKC        00000000 00000000 00000000 00000000 
  SW_41DGA      00000000 00000000 00000000 00000000 *-SW_41DGB      00010000 00010000 00000000 00000000 
  SW_FCLT1A2A   00000000 00000000 00000000 00000000 *-SW_FCLT1B2B   00000000 00000000 00000011 11111111 
  SW_FFG1A2A    00000000 00000000 00000000 00000000 *-SW_FFG1B2B    00000001 00000000 00000000 00000000 
  SW_FOLT1A2A   00000000 00000000 00000000 00000000 *-SW_FOLT1B2B   00010011 00000000 00000000 00000000 
  SW_RCLT1A2A   00000000 00000000 00000000 00000000   SW_RCLT1B2B   00000000 00000000 00000000 00000000 
  SW_RFG1A2A    00000000 00000000 00000000 00000000   SW_RFG1B2B    00000000 00000000 00000000 00000000 
  SW_ROLT1A2A   00000000 00000000 00000000 00000000 *-SW_ROLT1B2B   00010000 00000010 00000011 00000011 
  SP_DIAG_0000H 00000000 00000000 00000000 00000000   SW_CFRLA      00000000 00000000 00000000 00000000 
  SW_CFRLB      00000000 00000000 00000000 00000000 *-SW_CF5A       00010000 00010000 00000000 00000000 
  SW_CF5B       00000000 00000000 00000000 00000000 *-SW_CF5N       00000000 00000000 00000011 11111111 
  SF_CF5B       00000000 00000000 00000000 00000000 *-SS_CFO        00000001 00000000 00000000 00000000 
  SS_COV        00000000 00000000 00000000 00000000 *-SS_CLV        00010011 00000000 00000000 00000000 
  SS_CHG        00000000 00000000 00000000 00000000   SW_CVER       00000000 00000000 00000000 00000000 
  SD_CTER       00000000 00000000 00000000 00000000   SW_CAPC       00000000 00000000 00000000 00000000 
  SF_SYER       00000000 00000000 00000000 00000000 *-SF_TRNSER     00010000 00000010 00000011 00000011 
  SF_PWFH       00000000 00000000 00000000 00000000   SF_PLLH       00000000 00000000 00000000 00000000 
  SF_GDFH       00000000 00000000 00000000 00000000 *-SF_CTER       00010000 00010000 00000000 00000000 
  SF_COC        00000000 00000000 00000000 00000000 *-SF_COCH       00000000 00000000 00000011 11111111 
  SF_CASH       00000000 00000000 00000000 00000000 *-SY_DLMSK      00000001 00000000 00000000 00000000 
  SY_DCHDRV     00000000 00000000 00000000 00000000 *-SY_DESTR      00010011 00000000 00000000 00000000 
  SS_LFO        00000000 00000000 00000000 00000000   SP_DIAG_0000H 00000000 00000000 00000000 00000000 
  SS_GDF        00000000 00000000 00000000 00000000   SS_IOC        00000000 00000000 00000000 00000000 
  SP_DIAG_0000H 00000000 00000000 00000000 00000000 *-SD_IOCF       00010000 00000010 00000011 00000011 
  SP_DIAG_0000H 00000000 00000000 00000000 00000000   SS_WOCH       00000000 00000000 00000000 00000000 
  SS_VOCH       00000000 00000000 00000000 00000000 *-SS_UOCH       00010000 00010000 00000000 00000000 
  SW_CFOF       00000000 00000000 00000000 00000000 *-SF_CVQER      00000000 00000000 00000011 11111111 
  SD_CVEE       00000000 00000000 00000000 00000000 *-SW_CFD41A     00000001 00000000 00000000 00000000 
  SW_FSDE1B     00000000 00000000 00000000 00000000 *-SW_RSDE1B     00010011 00000000 00000000 00000000 
  SF_FSDE       00000000 00000000 00000000 00000000   SF_RSDE       00000000 00000000 00000000 00000000 
  SW_CFLBA      00000000 00000000 00000000 00000000   SW_CFLBB      00000000 00000000 00000000 00000000 
  SW_CFLBN      00000000 00000000 00000000 00000000 *-SW_CFBK1A     00010000 00000010 00000011 00000011 
  SW_CFBK1B     00000000 00000000 00000000 00000000   SW_CFBK1N     00000000 00000000 00000000 00000000 
  SW_CFBK2A     00000000 00000000 00000000 00000000 *-SW_CFBK2B     00010000 00010000 00000000 00000000 
  SW_CFBK2N     00000000 00000000 00000000 00000000 *-SD_BKEH       00000000 00000000 00000011 11111111 
  SW_BKER1      00000000 00000000 00000000 00000000 *-SW_BKER2      00000001 00000000 00000000 00000000 
  SW_BKTHM      00000000 00000000 00000000 00000000 *-SD_AEER       00010011 00000000 00000000 00000000 
  SD_AZER       00000000 00000000 00000000 00000000   SD_THNG       00000000 00000000 00000000 00000000 
  SD_BKZE       00000000 00000000 00000000 00000000   SD_BKGE       00000000 00000000 00000000 00000000 
  SD_BKOCR      00000000 00000000 00000000 00000000 *-SW_MTHM       00010000 00000010 00000011 00000011 
  ST_CVFBCN     00000000 00000000 00000000 00000000   SP_DIAG_0000H 00000000 00000000 00000000 00000000 
  SP_DIAG_0000H 00000000 00000000 00000000 00000000 *-SP_DIAG_0000H 00010000 00010000 00000000 00000000 
  SN_FDZU       00000000 00000000 00000000 00000000 *-SN_FDZD       00000000 00000000 00000011 11111111 
  SN_FRLU       00000000 00000000 00000000 00000000 *-SN_FRLD       00000001 00000000 00000000 00000000 
  SN_RDZU       00000000 00000000 00000000 00000000 *-SN_RDZD       00010011 00000000 00000000 00000000 
  SN_RRLU       00000000 00000000 00000000 00000000   SN_RRLD       00000000 00000000 00000000 00000000 
  SN_UL         00000000 00000000 00000000 00000000   SN_DL         00000000 00000000 00000000 00000000 
  SN_UHS        00000000 00000000 00000000 00000000 *-SN_DHS        00010000 00000010 00000011 00000011 
  SP_DIAG_0000H 00000000 00000000 00000000 00000000   SP_DIAG_0000H 00000000 00000000 00000000 00000000 
  SP_DIAG_0000H 00000000 00000000 00000000 00000000 *-SP_DIAG_0000H 00010000 00010000 00000000 00000000 
  SP_DIAG_0000H 00000000 00000000 00000000 00000000 *-SP_DIAG_0000H 00000000 00000000 00000011 11111111 
  SN_USR        00000000 00000000 00000000 00000000 *-SN_DSR        00000001 00000000 00000000 00000000 
  SN_1USD       00000000 00000000 00000000 00000000 *-SN_1DSD       00010011 00000000 00000000 00000000 
  SN_FUSD       00000000 00000000 00000000 00000000   SN_FDSD       00000000 00000000 00000000 00000000 
  SW_FDZUA      00000000 00000000 00000000 00000000   SW_FDZDA      00000000 00000000 00000000 00000000 
  SW_FRLUA      00000000 00000000 00000000 00000000 *-SW_FRLDA      00010000 00000010 00000011 00000011 
  SW_RDZUA      00000000 00000000 00000000 00000000   SW_RDZDA      00000000 00000000 00000000 00000000 
  SW_RRLUA      00000000 00000000 00000000 00000000 *-SW_RRLDA      00010000 00010000 00000000 00000000 
  SW_ULC        00000000 00000000 00000000 00000000 *-SW_DLC        00000000 00000000 00000011 11111111 
  SW_TS3SE      00000000 00000000 00000000 00000000 *-SW_TSSE       00000001 00000000 00000000 00000000 
  SW_TSPE       00000000 00000000 00000000 00000000 *-SW_UDLB       00010011 00000000 00000000 00000000 
  SW_UDSRB      00000000 00000000 00000000 00000000   SW_FDZRLX     00000000 00000000 00000000 00000000 
  SW_RDZRLX     00000000 00000000 00000000 00000000   SW_DZCCA      00000000 00000000 00000000 00000000 
  SW_DZCCB      00000000 00000000 00000000 00000000 *-SW_FRLUB      00010000 00000010 00000011 00000011 
  SW_FRLDB      00000000 00000000 00000000 00000000   SW_RRLUB      00000000 00000000 00000000 00000000 
  SW_RRLDB      00000000 00000000 00000000 00000000 *-SP_DIAG_0000H 00010000 00010000 00000000 00000000 
  SP_DIAG_0000H 00000000 00000000 00000000 00000000 *-SP_DIAG_0000H 00000000 00000000 00000011 11111111 
  SP_DIAG_0000H 00000000 00000000 00000000 00000000 *-SP_DIAG_0000H 00000001 00000000 00000000 00000000 
  SW_TGBL       00000000 00000000 00000000 00000000 *-SW_TGBH       00010011 00000000 00000000 00000000 
  SW_TGBR       00000000 00000000 00000000 00000000   SW_AST        00000000 00000000 00000000 00000000 
  SS_TGBH       00000000 00000000 00000000 00000000   SS_AST        00000000 00000000 00000000 00000000 
  SW_TGBX       00000000 00000000 00000000 00000000 *-SW_LOVR       00010000 00000010 00000011 00000011 
  SW_DECT       00000000 00000000 00000000 00000000   SD_PVJP       00000000 00000000 00000000 00000000 
  SD_PTC        00000000 00000000 00000000 00000000   SW_RLT        00000000 00000000 00000000 00000000 
  ST_SELZ       00000000 00000000 00000000 00000000 *-ST_LSA        00000000 00000000 00000011 11111111 
  SD_OVJP       00000000 00000000 00000000 00000000 *-SP_DIAG_0000H 00000001 00000000 00000000 00000000 
  SP_DIAG_0000H 00000000 00000000 00000000 00000000 *-SP_DIAG_0000H 00010011 00000000 00000000 00000000 
  SP_DIAG_0000H 00000000 00000000 00000000 00000000   SW_TSLDE      00000000 00000000 00000000 00000000 
  SW_TGRL       00000000 00000000 00000000 00000000   SW_LOS        00000000 00000000 00000000 00000000 
  ST_PATL       00000000 00000000 00000000 00000000 *-SW_DECTN      00010000 00000010 00000011 00000011 
  SW_WGCN       00000000 00000000 00000000 00000000   SW_WGE2       00000000 00000000 00000000 00000000 
  SW_WGWE       00000000 00000000 00000000 00000000   SW_WGE1       00000000 00000000 00000000 00000000 
  SP_DIAG_0000H 00000000 00000000 00000000 00000000 *-SW_FTHM1      00000000 00000000 00000011 11111111 
  SP_DIAG_0000H 00000000 00000000 00000000 00000000 *-SW_FTHM       00000001 00000000 00000000 00000000 
  SW_FTHM2      00000000 00000000 00000000 00000000 *-SW_FTHMCN     00010011 00000000 00000000 00000000 
  SP_DIAG_0000H 00000000 00000000 00000000 00000000   SD_HRT        00000000 00000000 00000000 00000000 
  SW_SOCR       00000000 00000000 00000000 00000000   SD_OCR        00000000 00000000 00000000 00000000 
  SD_TOCR       00000000 00000000 00000000 00000000 *-SD_SLIT       00010000 00000010 00000011 00000011 
  SD_OLR        00000000 00000000 00000000 00000000   SW_SOLR       00000000 00000000 00000000 00000000 
  SP_DIAG_0000H 00000000 00000000 00000000 00000000   SP_DIAG_0000H 00000000 00000000 00000000 00000000 
  SP_DIAG_0000H 00000000 00000000 00000000 00000000   SP_DIAG_0000H 00000000 00000000 00000000 00000000 
  SW_STER_RDC2  00000000 00000000 00000000 00000000   SW_STER_RCS2  00000000 00000000 00000000 00000000 
  SW_STER_FDC2  00000000 00000000 00000000 00000000   SW_STER_FCS2  00000000 00000000 00000000 00000000 
  SW_STER_RDC1  00000000 00000000 00000000 00000000   SW_STER_RCS1  00000000 00000000 00000000 00000000 
  SW_STER_FDC1  00000000 00000000 00000000 00000000   SW_STER_FCS1  00000000 00000000 00000000 00000000 
  SW_STER_ASC1  00000000 00000000 00000000 00000000   SW_STER_CNV   00000000 00000000 00000000 00000000 
  SW_STER_TCA   00000000 00000000 00000000 00000000   SW_STER_P1ACL 00000000 00000000 00000000 00000000 
  SW_STER_ELSV  00000000 00000000 00000000 00000000   SW_STER_SETS  00000000 00000000 00000000 00000000 
  SP_DIAG_0000H 00000000 00000000 00000000 00000000   SP_DIAG_0000H 00000000 00000000 00000000 00000000 
  SP_DIAG_0000H 00000000 00000000 00000000 00000000   SP_DIAG_0000H 00000000 00000000 00000000 00000000 
  SP_DIAG_0000H 00000000 00000000 00000000 00000000   SP_DIAG_0000H 00000000 00000000 00000000 00000000 
  SP_DIAG_0000H 00000000 00000000 00000000 00000000   SP_DIAG_0000H 00000000 00000000 00000000 00000000 
  SP_DIAG_0000H 00000000 00000000 00000000 00000000   SP_DIAG_0000H 00000000 00000000 00000000 00000000 
  SP_DIAG_0000H 00000000 00000000 00000000 00000000   SP_DIAG_0000H 00000000 00000000 00000000 00000000 
  SP_DIAG_0000H 00000000 00000000 00000000 00000000   SP_DIAG_0000H 00000000 00000000 00000000 00000000 
  SP_DIAG_0000H 00000000 00000000 00000000 00000000   SP_DIAG_0000H 00000000 00000000 00000000 00000000 
数值25ms
                     1        2        3        4        5        6        7        8        9       10       11       12       13       14       15       16 
  yobi1             00       00       00       00       00       00       00       00       00       00       00       00       00       00       00       00 
  yobi1             00       00       00       00       00       00       00       00       00       00       00       00       00       00       00       00 
*-yobi2             11       11       11       11       11       11       11       11       11       11       11       11       11       11       11       11 
*-yobi2             11       11       11       00       00       00       00       00       00       00       00       00       00       00       00       00 
*-yobi3             f5       f3       f1       ea       e2       dc       d2       d0       c1       c0       b0       af       ae       9f       9e       9e 
*-yobi3             9e       9e       9e       00       00       00       00       00       00       00       00       00       00       00       00       00 
*-MP_PTMD           38       c2       83       5a       b2       93       16       5c       db       65       b4       a7       a5       87       c6       85 
*-MP_PTMD           7d       7a       7a       00       00       00       00       00       00       00       00       00       00       00       00       00 
*-WQ_VPAT     ffffa662 ffffa482 ffffa1b2 ffff9a7c ffff96e2 ffff968b ffff9972 ffff9a91 ffffaa13 ffffabde ffffc316 ffffc4f6 ffffc6d6 fffff4b8 fffffbc2 ffffff4c 
*-WQ_VPAT     ffffffd4 00000000 00000000 00000000 00000000 00000000 00000000 00000000 00000000 00000000 00000000 00000000 00000000 00000000 00000000 00000000 
*-WQ_VTSD     ffffa9c4 ffffa83e ffffa533 ffff9d2b ffff980c ffff96aa ffff989a ffff98be ffffa746 ffffa8ef ffffbfea ffffc14c ffffc3a6 fffff177 fffff938 fffffe10 
*-WQ_VTSD     ffffff08 00000000 00000000 00000000 00000000 00000000 00000000 00000000 00000000 00000000 00000000 00000000 00000000 00000000 00000000 00000000 
*-WQ_VPOUT    ffffa993 ffffa82e ffffa514 ffff9ce8 ffff980a ffff968b ffff988f ffff98bb ffffa75a ffffa8a9 ffffbfe5 ffffc164 ffffc38b fffff187 fffff92e fffffdf3 
*-WQ_VPOUT    ffffff00 00000000 00000000 00000000 00000000 00000000 00000000 00000000 00000000 00000000 00000000 00000000 00000000 00000000 00000000 00000000 
*-WP_SYNC     0000008f 00000091 0000009a 000000a4 000000a6 000000b7 000000b9 000000bf 000000cd 000000cf 000000e8 000000ea 000000ec 00000121 00000127 0000012f 
*-WP_SYNC     00000143 0000015d 00000000 00000000 00000000 00000000 00000000 00000000 00000000 00000000 00000000 00000000 00000000 00000000 00000000 00000000 
*-WQ_RDST     000003f7 000003f7 000003f7 000003f7 000003f7 000003f7 000003f7 000003f7 000003f7 000003f7 000003f7 000003f7 000003f7 000003f7 000003ef 000003ed 
*-WQ_RDST     000001ec 00000d6c 00000000 00000000 00000000 00000000 00000000 00000000 00000000 00000000 00000000 00000000 00000000 00000000 00000000 00000000 
*-WQ_RDST_TLP 000013c0 000000c0 000000e4 000003c0 000000c0 000001c0 000002c0 000000c0 000013c0 000000c0 000003c0 000003c0 000000c0 000003c0 000013c0 000033c0 
*-WQ_RDST_TLP 000033c0 000033c0 00000000 00000000 00000000 00000000 00000000 00000000 00000000 00000000 00000000 00000000 00000000 00000000 00000000 00000000 
*-WQ_VGTNR    00000003 00000003 00000004 00000004 00000005 00000006 00000006 00000007 00000007 00000007 00000007 00000007 00000007 00000008 00000008 00000008 
*-WQ_VGTNR    00000001 00000001 00000000 00000000 00000000 00000000 00000000 00000000 00000000 00000000 00000000 00000000 00000000 00000000 00000000 00000000 
  MS_FDZ_LS         00       00       00       00       00       00       00       00       00       00       00       00       00       00       00       00 
  MS_FDZ_LS         00       00       00       00       00       00       00       00       00       00       00       00       00       00       00       00 
*-MS_FRL_LS         11       11       11       11       11       11       11       11       11       11       11       11       11       11       11       11 
*-MS_FRL_LS         11       11       00       00       00       00       00       00       00       00       00       00       00       00       00       00 
*-MS_RDZ_LS         f4       f3       eb       e3       e1       d2       d1       cc       c1       bf       b0       af       ae       9f       9e       9e 
*-MS_RDZ_LS         9e       9e       00       00       00       00       00       00       00       00       00       00       00       00       00       00 
*-MS_RRL_LS         7e       05       fe       90       d4       f2       39       22       1f       ad       2d       25       26       09       ae       7f 
*-MS_RRL_LS         7a       7a       00       00       00       00       00       00       00       00       00       00       00       00       00       00 
*-yobi4             ff       ff       ff       ff       ff       ff       ff       ff       ff       ff       ff       ff       ff       ff       ff       ff 
*-yobi4             00       00       00       00       00       00       00       00       00       00       00       00       00       00       00       00 
*-yobi[0]           ff       ff       ff       ff       ff       ff       ff       ff       ff       ff       ff       ff       ff       ff       ff       ff 
*-yobi[0]           00       00       00       00       00       00       00       00       00       00       00       00       00       00       00       00 
*-yobi[1]           a5       a3       9b       97       96       98       99       9e       aa       ac       c4       c5       c7       f8       fc       ff 
*-yobi[1]           00       00       00       00       00       00       00       00       00       00       00       00       00       00       00       00 
*-yobi[2]           72       92       cc       18       be       f4       fb       30       f9       c3       06       e6       c6       fb       e8       ba 
*-yobi[2]           00       00       00       00       00       00       00       00       00       00       00       00       00       00       00       00 
*-RS_FDZ_LD       ffff     ffff     ffff     ffff     ffff     ffff     ffff     ffff     ffff     ffff     ffff     ffff     ffff     ffff     ffff     ffff 
*-RS_FDZ_LD       0000     0000     0000     0000     0000     0000     0000     0000     0000     0000     0000     0000     0000     0000     0000     0000 
*-RS_FRL_LD       a885     a6ff     9f1c     989a     97c5     977f     9877     9bc9     a7d4     a9a1     c0be     c319     c47b     f609     fa9a     fee5 
*-RS_FRL_LD       0000     0000     0000     0000     0000     0000     0000     0000     0000     0000     0000     0000     0000     0000     0000     0000 
*-RS_RDZ_LD       ffff     ffff     ffff     ffff     ffff     ffff     ffff     ffff     ffff     ffff     ffff     ffff     ffff     ffff     ffff     ffff 
*-RS_RDZ_LD       ffff     0000     0000     0000     0000     0000     0000     0000     0000     0000     0000     0000     0000     0000     0000     0000 
*-RS_RRL_LD       a857     a6e5     9f05     98bb     979b     9759     9885     9bc5     a7bf     a993     c0b3     c2ff     c47e     f5fa     faa3     feb1 
*-RS_RRL_LD       fffd     0000     0000     0000     0000     0000     0000     0000     0000     0000     0000     0000     0000     0000     0000     0000 
*-WP_TMP1     00000090 00000093 0000009c 000000a5 000000ac 000000b8 000000ba 000000cc 000000ce 000000e7 000000e9 000000eb 0000011c 00000125 0000012d 00000130 
*-WP_TMP1     00000148 0000015f 00000000 00000000 00000000 00000000 00000000 00000000 00000000 00000000 00000000 00000000 00000000 00000000 00000000 00000000 
*-WP_TMP2     000003f7 000003f7 000003f7 000003f7 000003f7 000003f7 000003f7 000003f7 000003f7 000003f7 000003f7 000003f7 000003f7 000003f7 000003ef 000003ec 
*-WP_TMP2     00000dec 00000c6c 00000000 00000000 00000000 00000000 00000000 00000000 00000000 00000000 00000000 00000000 00000000 00000000 00000000 00000000 
*-WP_TMP3     000002c0 000000c0 000000c0 000003c0 000000c0 000033c0 000000c0 000001c0 000003c0 000001c0 000023c0 000002c0 000001c0 000013c0 000033c0 000033c0 
*-WP_TMP3     000033c0 000033c0 00000000 00000000 00000000 00000000 00000000 00000000 00000000 00000000 00000000 00000000 00000000 00000000 00000000 00000000 
*-WP_TMP4     00000003 00000004 00000004 00000005 00000006 00000006 00000006 00000007 00000007 00000007 00000007 00000007 00000008 00000008 00000008 00000008 
*-WP_TMP4     00000001 00000001 00000000 00000000 00000000 00000000 00000000 00000000 00000000 00000000 00000000 00000000 00000000 00000000 00000000 00000000 
数值50ms
               1  2  3  4  5  6  7  8  9 10 11 12 13 14 15 16 17 18 19 20 21 22 23 24 25 26 27 28 29 30 31 32 
*-MP_DRVMOD   00 00 00 00 00 00 00 00 00 00 00 00 00 00 00 00 00 00 00 00 00 00 00 00 21 00 00 ff 00 00 e1 d6 
*-MP_DRVMOD   00 00 00 00 00 00 00 00 00 00 00 00 00 00 00 00 00 00 00 00 00 00 00 00 21 00 00 ff 00 00 e1 d6 
*-MP_TR_ANS   00 00 00 00 00 00 00 00 00 00 00 00 00 00 00 00 00 00 00 00 00 00 00 00 c8 00 00 ff 00 00 e1 25 
*-MP_TR_ANS   00 00 00 00 00 00 00 00 00 00 00 00 00 00 00 00 00 00 00 00 00 00 00 00 c8 00 00 ff 00 00 e1 25 
*-KP_RNGO     00 00 00 00 00 00 00 00 00 00 00 00 00 00 00 00 00 00 00 00 00 00 00 00 07 ff 00 ff 00 00 c8 d0 
*-KP_RNGO     00 00 00 00 00 00 00 00 00 00 00 00 00 00 00 00 00 00 00 00 00 00 00 00 07 ff 00 ff 00 00 c8 d0 
*-kp_yobi_3   00 00 00 00 00 00 00 00 00 00 00 00 00 00 00 00 00 00 00 00 00 00 00 00 34 ff 00 ff 00 00 69 ae 
*-kp_yobi_3   00 00 00 00 00 00 00 00 00 00 00 00 00 00 00 00 00 00 00 00 00 00 00 00 34 ff 00 ff 00 00 69 ae 
*-kp_yobi_4   00 00 00 00 00 00 00 00 00 00 00 00 00 00 00 00 00 00 00 00 00 00 00 00 99 ff 00 ff 00 00 f4 20 
*-kp_yobi_4   00 00 00 00 00 00 00 00 00 00 00 00 00 00 00 00 00 00 00 00 00 00 00 00 99 ff 00 ff 00 00 f4 20 
*-kp_yobi_5   00 00 00 00 00 00 00 00 00 00 00 00 00 00 00 00 00 00 00 00 00 00 00 00 27 ff 00 ff 00 00 21 ad 
*-kp_yobi_5   00 00 00 00 00 00 00 00 00 00 00 00 00 00 00 00 00 00 00 00 00 00 00 00 27 ff 00 ff 00 00 21 ad 
*-kp_yobi_6   00 00 00 00 00 00 00 00 00 00 00 00 00 00 00 00 00 00 00 00 00 00 00 00 aa ff 00 ff 00 ff 68 14 
*-kp_yobi_6   00 00 00 00 00 00 00 00 00 00 00 00 00 00 00 00 00 00 00 00 00 00 00 00 aa ff 00 ff 00 ff 68 14 
*-kp_yobi_7   00 00 00 00 00 00 00 00 00 00 00 00 00 00 00 00 00 00 00 00 00 00 00 00 6a ff 00 ff 00 ff d3 28 
*-kp_yobi_7   00 00 00 00 00 00 00 00 00 00 00 00 00 00 00 00 00 00 00 00 00 00 00 00 6a ff 00 ff 00 ff d3 28 
*-KP_FDOQ     00 00 00 00 00 00 00 00 00 00 00 00 00 00 00 00 00 00 00 00 00 00 00 00 e3 ff 00 ff 00 ff 24 b3 
*-KP_FDOQ     00 00 00 00 00 00 00 00 00 00 00 00 00 00 00 00 00 00 00 00 00 00 00 00 e3 ff 00 ff 00 ff 24 b3 
*-KP_RDOQ     00 00 00 00 00 00 00 00 00 00 00 00 00 00 00 00 00 00 00 00 00 00 00 00 72 ff 00 ff 00 ff 28 d3 
*-KP_RDOQ     00 00 00 00 00 00 00 00 00 00 00 00 00 00 00 00 00 00 00 00 00 00 00 00 72 ff 00 ff 00 ff 28 d3 
*-KP_FDOOR    00 00 00 00 00 00 00 00 00 00 00 00 00 00 00 00 00 00 00 00 00 00 00 00 51 ff 00 ff 00 ff b7 29 
*-KP_FDOOR    00 00 00 00 00 00 00 00 00 00 00 00 00 00 00 00 00 00 00 00 00 00 00 00 51 ff 00 ff 00 ff b7 29 
*-KP_RDOOR    00 00 00 00 00 00 00 00 00 00 00 00 00 00 00 00 00 00 00 00 00 00 00 00 10 ff 00 ff 00 ff 56 09 
*-KP_RDOOR    00 00 00 00 00 00 00 00 00 00 00 00 00 00 00 00 00 00 00 00 00 00 00 00 10 ff 00 ff 00 ff 56 09 
*-kp_yobi_C   00 00 00 00 00 00 00 00 00 00 00 00 00 00 00 00 00 00 00 00 00 00 00 00 00 00 00 ff 00 ff 84 75 
*-kp_yobi_C   00 00 00 00 00 00 00 00 00 00 00 00 00 00 00 00 00 00 00 00 00 00 00 00 00 00 00 ff 00 ff 84 75 
*-kp_yobi_D   00 00 00 00 00 00 00 00 00 00 00 00 00 00 00 00 00 00 00 00 00 00 00 00 00 00 00 ff 00 ff 24 2b 
*-kp_yobi_D   00 00 00 00 00 00 00 00 00 00 00 00 00 00 00 00 00 00 00 00 00 00 00 00 00 00 00 ff 00 ff 24 2b 
*-kp_yobi_E   00 00 00 00 00 00 00 00 00 00 00 00 00 00 00 00 00 00 00 00 00 00 00 00 00 00 00 ff 00 ff 80 00 
*-kp_yobi_E   00 00 00 00 00 00 00 00 00 00 00 00 00 00 00 00 00 00 00 00 00 00 00 00 00 00 00 ff 00 ff 80 00 
*-kp_yobi_F   00 00 00 00 00 00 00 00 00 00 00 00 00 00 00 00 00 00 00 00 00 00 00 00 00 00 00 ff 00 ff c7 00 
*-kp_yobi_F   00 00 00 00 00 00 00 00 00 00 00 00 00 00 00 00 00 00 00 00 00 00 00 00 00 00 00 ff 00 ff c7 00 
*-KP_PWOF     00 00 00 00 00 00 00 00 00 00 00 00 00 00 00 00 00 00 00 00 00 00 00 20 00 00 00 ff 00 a4 1e 00 
*-KP_PWOF     00 00 00 00 00 00 00 00 00 00 00 00 00 00 00 00 00 00 00 00 00 00 00 20 00 00 00 ff 00 a4 1e 00 
*-KP_PW_CLASS 00 00 00 00 00 00 00 00 00 00 00 00 00 00 00 00 00 00 00 00 00 00 00 30 00 00 00 ff 00 bd 78 00 
*-KP_PW_CLASS 00 00 00 00 00 00 00 00 00 00 00 00 00 00 00 00 00 00 00 00 00 00 00 30 00 00 00 ff 00 bd 78 00 
*-kp_yobi_12  00 00 00 00 00 00 00 00 00 00 00 00 00 00 00 00 00 00 00 00 00 00 00 11 00 00 00 ff 00 f9 d2 00 
*-kp_yobi_12  00 00 00 00 00 00 00 00 00 00 00 00 00 00 00 00 00 00 00 00 00 00 00 11 00 00 00 ff 00 f9 d2 00 
*-kp_yobi_13  00 00 00 00 00 00 00 00 00 00 00 00 00 00 00 00 00 00 00 00 00 00 00 00 00 00 00 ff 00 9c db 00 
*-kp_yobi_13  00 00 00 00 00 00 00 00 00 00 00 00 00 00 00 00 00 00 00 00 00 00 00 00 00 00 00 ff 00 9c db 00 
*-kp_yobi_14  00 00 00 00 00 00 00 00 00 00 00 00 00 00 00 00 00 00 00 00 00 00 00 42 00 00 00 ff 00 69 bd 00 
*-kp_yobi_14  00 00 00 00 00 00 00 00 00 00 00 00 00 00 00 00 00 00 00 00 00 00 00 42 00 00 00 ff 00 69 bd 00 
*-kp_yobi_15  00 00 00 00 00 00 00 00 00 00 00 00 00 00 00 00 00 00 00 00 00 00 00 3a 00 00 00 ff 00 5f 25 00 
*-kp_yobi_15  00 00 00 00 00 00 00 00 00 00 00 00 00 00 00 00 00 00 00 00 00 00 00 3a 00 00 00 ff 00 5f 25 00 
*-kp_yobi_16  00 00 00 00 00 00 00 00 00 00 00 00 00 00 00 00 00 00 00 00 00 00 00 24 00 00 00 ff 00 79 24 00 
*-kp_yobi_16  00 00 00 00 00 00 00 00 00 00 00 00 00 00 00 00 00 00 00 00 00 00 00 24 00 00 00 ff 00 79 24 00 
*-kp_yobi_17  00 00 00 00 00 00 00 00 00 00 00 00 00 00 00 00 00 00 00 00 00 00 00 0b 00 00 00 ff 00 fc 0b 00 
*-kp_yobi_17  00 00 00 00 00 00 00 00 00 00 00 00 00 00 00 00 00 00 00 00 00 00 00 0b 00 00 00 ff 00 fc 0b 00 
*-KP_ABSPOS   00 00 00 00 00 00 00 00 00 00 00 00 00 00 00 00 00 00 00 00 00 00 00 f5 00 00 00 00 03 00 73 00 
*-KP_ABSPOS   00 00 00 00 00 00 00 00 00 00 00 00 00 00 00 00 00 00 00 00 00 00 00 f5 00 00 00 00 03 00 73 00 
*-kp_yobi_19  00 00 00 00 00 00 00 00 00 00 00 00 00 00 00 00 00 00 00 00 00 00 00 ad 00 00 00 00 ff 8b b5 00 
*-kp_yobi_19  00 00 00 00 00 00 00 00 00 00 00 00 00 00 00 00 00 00 00 00 00 00 00 ad 00 00 00 00 ff 8b b5 00 
*-kp_yobi_1A  00 00 00 00 00 00 00 00 00 00 00 00 00 00 00 00 00 00 00 00 00 00 00 16 00 00 00 00 ff e1 c6 00 
*-kp_yobi_1A  00 00 00 00 00 00 00 00 00 00 00 00 00 00 00 00 00 00 00 00 00 00 00 16 00 00 00 00 ff e1 c6 00 
*-kp_yobi_1B  00 00 00 00 00 00 00 00 00 00 00 00 00 00 00 00 00 00 00 00 00 00 00 0d 00 00 00 00 ff 5b b4 00 
*-kp_yobi_1B  00 00 00 00 00 00 00 00 00 00 00 00 00 00 00 00 00 00 00 00 00 00 00 0d 00 00 00 00 ff 5b b4 00 
*-kp_yobi_1C  00 00 00 00 00 00 00 00 00 00 00 00 00 00 00 00 00 00 00 00 00 00 00 1b 00 00 00 00 ff a6 a2 00 
*-kp_yobi_1C  00 00 00 00 00 00 00 00 00 00 00 00 00 00 00 00 00 00 00 00 00 00 00 1b 00 00 00 00 ff a6 a2 00 
*-kp_yobi_1D  00 00 00 00 00 00 00 00 00 00 00 00 00 00 00 00 00 00 00 00 00 00 00 0f 00 00 00 00 ff cb 7b 00 
*-kp_yobi_1D  00 00 00 00 00 00 00 00 00 00 00 00 00 00 00 00 00 00 00 00 00 00 00 0f 00 00 00 00 ff cb 7b 00 
*-kp_yobi_1E  00 00 00 00 00 00 00 00 00 00 00 00 00 00 00 00 00 00 00 00 00 00 00 81 0f 00 00 00 00 a6 03 00 
*-kp_yobi_1E  00 00 00 00 00 00 00 00 00 00 00 00 00 00 00 00 00 00 00 00 00 00 00 81 0f 00 00 00 00 a6 03 00 
*-kp_yobi_1F  00 00 00 00 00 00 00 00 00 00 00 00 00 00 00 00 00 00 00 00 00 00 00 80 ff 00 00 00 00 ee 6d 00 
*-kp_yobi_1F  00 00 00 00 00 00 00 00 00 00 00 00 00 00 00 00 00 00 00 00 00 00 00 80 ff 00 00 00 00 ee 6d 00 
*-kp_yobi_20  00 00 00 00 00 00 00 00 00 00 00 00 00 00 00 00 00 00 00 00 00 00 00 0c ff 00 00 00 00 ac a2 00 
*-kp_yobi_20  00 00 00 00 00 00 00 00 00 00 00 00 00 00 00 00 00 00 00 00 00 00 00 0c ff 00 00 00 00 ac a2 00 
*-kp_yobi_21  00 00 00 00 00 00 00 00 00 00 00 00 00 00 00 00 00 00 00 00 00 00 00 02 ff 00 00 00 00 54 00 00 
*-kp_yobi_21  00 00 00 00 00 00 00 00 00 00 00 00 00 00 00 00 00 00 00 00 00 00 00 02 ff 00 00 00 00 54 00 00 
*-kp_yobi_22  00 00 00 00 00 00 00 00 00 00 00 00 00 00 00 00 00 00 00 00 00 00 00 93 ff 00 00 00 00 96 61 00 
*-kp_yobi_22  00 00 00 00 00 00 00 00 00 00 00 00 00 00 00 00 00 00 00 00 00 00 00 93 ff 00 00 00 00 96 61 00 
*-kp_yobi_23  00 00 00 00 00 00 00 00 00 00 00 00 00 00 00 00 00 00 00 00 00 00 00 ff ff 00 00 00 00 e1 4a 00 
*-kp_yobi_23  00 00 00 00 00 00 00 00 00 00 00 00 00 00 00 00 00 00 00 00 00 00 00 ff ff 00 00 00 00 e1 4a 00 
*-kp_yobi_24  00 00 00 00 00 00 00 00 00 00 00 00 00 00 00 00 00 00 00 00 00 00 00 ff ff 00 00 00 00 20 67 00 
*-kp_yobi_24  00 00 00 00 00 00 00 00 00 00 00 00 00 00 00 00 00 00 00 00 00 00 00 ff ff 00 00 00 00 20 67 00 
*-kp_yobi_25  00 00 00 00 00 00 00 00 00 00 00 00 00 00 00 00 00 00 00 00 00 00 00 b9 ff 00 00 00 00 82 5e 00 
*-kp_yobi_25  00 00 00 00 00 00 00 00 00 00 00 00 00 00 00 00 00 00 00 00 00 00 00 b9 ff 00 00 00 00 82 5e 00 
*-kp_yobi_26  00 00 00 00 00 00 00 00 00 00 00 00 00 00 00 00 00 00 00 00 00 00 00 79 ff 00 00 00 00 7a 3f 00 
*-kp_yobi_26  00 00 00 00 00 00 00 00 00 00 00 00 00 00 00 00 00 00 00 00 00 00 00 79 ff 00 00 00 00 7a 3f 00 
*-kp_yobi_27  00 00 00 00 00 00 00 00 00 00 00 00 00 00 00 00 00 00 00 00 00 00 00 00 ff 00 00 00 00 a4 84 00 
*-kp_yobi_27  00 00 00 00 00 00 00 00 00 00 00 00 00 00 00 00 00 00 00 00 00 00 00 00 ff 00 00 00 00 a4 84 00 
*-kp_yobi_28  00 00 00 00 00 00 00 00 00 00 00 00 00 00 00 00 00 00 00 00 00 00 00 0c ff 00 00 00 00 58 03 00 
*-kp_yobi_28  00 00 00 00 00 00 00 00 00 00 00 00 00 00 00 00 00 00 00 00 00 00 00 0c ff 00 00 00 00 58 03 00 
*-kp_yobi_29  00 00 00 00 00 00 00 00 00 00 00 00 00 00 00 00 00 00 00 00 00 00 00 31 ff 00 00 00 00 b0 00 00 
*-kp_yobi_29  00 00 00 00 00 00 00 00 00 00 00 00 00 00 00 00 00 00 00 00 00 00 00 31 ff 00 00 00 00 b0 00 00 
*-kp_yobi_2A  00 00 00 00 00 00 00 00 00 00 00 00 00 00 00 00 00 00 00 00 00 00 00 28 ff 00 00 00 00 43 5c 00 
*-kp_yobi_2A  00 00 00 00 00 00 00 00 00 00 00 00 00 00 00 00 00 00 00 00 00 00 00 28 ff 00 00 00 00 43 5c 00 
*-kp_yobi_2B  00 00 00 00 00 00 00 00 00 00 00 00 00 00 00 00 00 00 00 00 00 00 00 27 ff 00 00 00 00 0a bc 00 
*-kp_yobi_2B  00 00 00 00 00 00 00 00 00 00 00 00 00 00 00 00 00 00 00 00 00 00 00 27 ff 00 00 00 00 0a bc 00 
*-kp_yobi_2C  00 00 00 00 00 00 00 00 00 00 00 00 00 00 00 00 00 00 00 00 00 00 00 6d ff 00 00 00 00 32 c8 00 
*-kp_yobi_2C  00 00 00 00 00 00 00 00 00 00 00 00 00 00 00 00 00 00 00 00 00 00 00 6d ff 00 00 00 00 32 c8 00 
*-kp_yobi_2D  00 00 00 00 00 00 00 00 00 00 00 00 00 00 00 00 00 00 00 00 00 00 00 8d ff 00 00 00 00 ad 82 00 
*-kp_yobi_2D  00 00 00 00 00 00 00 00 00 00 00 00 00 00 00 00 00 00 00 00 00 00 00 8d ff 00 00 00 00 ad 82 00 
*-kp_yobi_2E  00 00 00 00 00 00 00 00 00 00 00 00 00 00 00 00 00 00 00 00 00 00 00 62 00 00 00 00 00 76 dc 00 
*-kp_yobi_2E  00 00 00 00 00 00 00 00 00 00 00 00 00 00 00 00 00 00 00 00 00 00 00 62 00 00 00 00 00 76 dc 00 
*-kp_yobi_2F  00 00 00 00 00 00 00 00 00 00 00 00 00 00 00 00 00 00 00 00 00 00 00 94 00 00 00 00 00 ef 1d 00 
*-kp_yobi_2F  00 00 00 00 00 00 00 00 00 00 00 00 00 00 00 00 00 00 00 00 00 00 00 94 00 00 00 00 00 ef 1d 00 
*-KP_80       00 00 00 00 00 00 00 00 00 00 00 00 00 00 00 00 00 00 00 00 00 00 00 bc 00 00 ff 00 00 4a 27 00 
*-KP_80       00 00 00 00 00 00 00 00 00 00 00 00 00 00 00 00 00 00 00 00 00 00 00 bc 00 00 ff 00 00 4a 27 00 
*-KP_81       00 00 00 00 00 00 00 00 00 00 00 00 00 00 00 00 00 00 00 00 00 00 00 82 00 00 ff 00 00 bb 39 00 
*-KP_81       00 00 00 00 00 00 00 00 00 00 00 00 00 00 00 00 00 00 00 00 00 00 00 82 00 00 ff 00 00 bb 39 00 
*-KP_F43      00 00 00 00 00 00 00 00 00 00 00 00 00 00 00 00 00 00 00 00 00 00 00 43 00 00 ff 00 ff b7 da 00 
*-KP_F43      00 00 00 00 00 00 00 00 00 00 00 00 00 00 00 00 00 00 00 00 00 00 00 43 00 00 ff 00 ff b7 da 00 
*-KP_R43      00 00 00 00 00 00 00 00 00 00 00 00 00 00 00 00 00 00 00 00 00 00 00 9c 00 00 ff 00 ff a4 99 00 
*-KP_R43      00 00 00 00 00 00 00 00 00 00 00 00 00 00 00 00 00 00 00 00 00 00 00 9c 00 00 ff 00 ff a4 99 00 
*-KP_PWOFRQ   00 00 00 00 00 00 00 00 00 00 00 00 00 00 00 00 00 00 00 00 00 00 00 a5 00 ff ff 00 ff cc 8c 00 
*-KP_PWOFRQ   00 00 00 00 00 00 00 00 00 00 00 00 00 00 00 00 00 00 00 00 00 00 00 a5 00 ff ff 00 ff cc 8c 00 
*-kp_yobi_35  00 00 00 00 00 00 00 00 00 00 00 00 00 00 00 00 00 00 00 00 00 00 00 6d 00 ff ff 00 ff 34 07 00 
*-kp_yobi_35  00 00 00 00 00 00 00 00 00 00 00 00 00 00 00 00 00 00 00 00 00 00 00 6d 00 ff ff 00 ff 34 07 00 
*-kp_yobi_36  00 00 00 00 00 00 00 00 00 00 00 00 00 00 00 00 00 00 00 00 00 00 00 0c 00 ff ff 00 ff 34 f3 01 
*-kp_yobi_36  00 00 00 00 00 00 00 00 00 00 00 00 00 00 00 00 00 00 00 00 00 00 00 0c 00 ff ff 00 ff 34 f3 01 
*-kp_yobi_37  00 00 00 00 00 00 00 00 00 00 00 00 00 00 00 00 00 00 00 00 00 00 00 c9 00 ff ff 00 ff 25 c1 02 
*-kp_yobi_37  00 00 00 00 00 00 00 00 00 00 00 00 00 00 00 00 00 00 00 00 00 00 00 c9 00 ff ff 00 ff 25 c1 02 
*-kp_yobi_38  00 00 00 00 00 00 00 00 00 00 00 00 00 00 00 00 00 00 00 00 00 00 00 78 00 ff ff 00 ff 0a 42 07 
*-kp_yobi_38  00 00 00 00 00 00 00 00 00 00 00 00 00 00 00 00 00 00 00 00 00 00 00 78 00 ff ff 00 ff 0a 42 07 
*-kp_yobi_39  00 00 00 00 00 00 00 00 00 00 00 00 00 00 00 00 00 00 00 00 00 00 00 f6 00 ff ff 00 ff 36 b0 09 
*-kp_yobi_39  00 00 00 00 00 00 00 00 00 00 00 00 00 00 00 00 00 00 00 00 00 00 00 f6 00 ff ff 00 ff 36 b0 09 
*-kp_yobi_3A  00 00 00 00 00 00 00 00 00 00 00 00 00 00 00 00 00 00 00 00 00 00 00 a4 00 ff ff 00 ff 64 c2 0a 
*-kp_yobi_3A  00 00 00 00 00 00 00 00 00 00 00 00 00 00 00 00 00 00 00 00 00 00 00 a4 00 ff ff 00 ff 64 c2 0a 
*-kp_yobi_3B  00 00 00 00 00 00 00 00 00 00 00 00 00 00 00 00 00 00 00 00 00 00 00 8d 00 ff ff 00 ff 55 c9 0a 
*-kp_yobi_3B  00 00 00 00 00 00 00 00 00 00 00 00 00 00 00 00 00 00 00 00 00 00 00 8d 00 ff ff 00 ff 55 c9 0a 
*-kp_yobi_3C  00 00 00 00 00 00 00 00 00 00 00 00 00 00 00 00 00 00 00 00 00 00 00 e1 01 ff ff 00 00 f9 e2 0b 
*-kp_yobi_3C  00 00 00 00 00 00 00 00 00 00 00 00 00 00 00 00 00 00 00 00 00 00 00 e1 01 ff ff 00 00 f9 e2 0b 
*-kp_yobi_3D  00 00 00 00 00 00 00 00 00 00 00 00 00 00 00 00 00 00 00 00 00 00 00 2c ff ff ff 00 00 be 0b 0b 
*-kp_yobi_3D  00 00 00 00 00 00 00 00 00 00 00 00 00 00 00 00 00 00 00 00 00 00 00 2c ff ff ff 00 00 be 0b 0b 
*-kp_yobi_3E  00 00 00 00 00 00 00 00 00 00 00 00 00 00 00 00 00 00 00 00 00 00 00 c0 ff 00 ff 00 00 c5 ee 0b 
*-kp_yobi_3E  00 00 00 00 00 00 00 00 00 00 00 00 00 00 00 00 00 00 00 00 00 00 00 c0 ff 00 ff 00 00 c5 ee 0b 
*-kp_yobi_3F  00 00 00 00 00 00 00 00 00 00 00 00 00 00 00 00 00 00 00 00 00 00 00 17 f8 00 ff 00 00 3e e8 0b 
*-kp_yobi_3F  00 00 00 00 00 00 00 00 00 00 00 00 00 00 00 00 00 00 00 00 00 00 00 17 f8 00 ff 00 00 3e e8 0b 
快照
KC_80                      00 KC_81                      12 KC_F43                     16 KC_R43                     61 
SP_DMY_04                  ff KP_FSYD                    ff KP_FSY                     f5 KP_FSA                     18 
KP_FADV                    ff KP_FTA                     ff KP_FTP                     f8 SP_DMY_0B                  40 
SP_DMY_0C                  ff KV_FDOCT1                  ff KV_RDOCT1                  f8 SP_DMY_0F                  3a 
RF_WEIGHT                0000 RQ_FWGHT_KG              003d RQ_FWGHT_NM              0000 SP_DMY_16                  03 
MP_DRVMD                   f7 KP_FEA                     00 KP_FERC                    00 SP_DMY_1A                  02 
SP_DMY_1B                  c0 VV_ALL_DISTANCE      00000003 VV_CAR_DISTANCE      00121624 VV_CPOS_FSY          fffff250 
KP_UTSD                    ff KP_DTSD                    ff SP_DMY_2A                  f5 SP_DMY_2B                  7b 
SP_DMY_2C                  ff SP_DMY_2D                  ff SP_DMY_2E                  f5 SP_DMY_2F                  8b 
RQ_CVFB_NM               0000 KQ_IFTHM_NM                00 SP_DMY_33                  42 SP_DMY_34                  00 
SP_DMY_35                  00 SP_DMY_36                  03 SP_DMY_37                  f7 SP_DMY_38                  00 
SP_DMY_39                  00 SP_DMY_3A                  00 SP_DMY_3B                  c0 SP_DMY_3C                  00 
SP_DMY_3D                  00 SP_DMY_3E                  00 SP_DMY_3F                  03 SP_DMY_40                  00 
SP_DMY_41                  12 SP_DMY_42                  15 SP_DMY_43                  97 SP_DMY_44                  ff 
SP_DMY_45                  ff SP_DMY_46                  ed SP_DMY_47                  a2 SP_DMY_48                  ff 
SP_DMY_49                  ff SP_DMY_4A                  f0 SP_DMY_4B                  ea SP_DMY_4C                  ff 
SP_DMY_4D                  ff SP_DMY_4E                  f0 SP_DMY_4F                  e3 SP_EST1                    00 
SP_EST2                    00 SP_SLIP                    00 SP_SYSWAIT                 72 SP_SYSWAITL                00 
SP_NRSL                    00 KP_NRSLRQ                  03 SP_DMY_57                  f7 SP_DMY_58                  00 
SP_DMY_59                  00 SP_DMY_5A                  01 SP_DMY_5B                  c0 SP_DMY_5C                  00 
SP_DMY_5D                  00 SP_DMY_5E                  00 SP_DMY_5F                  03 SP_DMY_60                  00 
SP_DMY_61                  12 SP_DMY_62                  06 SP_DMY_63                  63 SP_DMY_64                  ff 
SP_DMY_65                  ff SP_DF5A                    c0 SP_DF5B                    a2 SP_DF5N                    ff 
SP_DFLBA                   ff SP_DFLBB                   c4 SP_DFLBN                   58 SP_DFBK1A                  ff 
SP_DFBK1B                  ff SP_DFBK1N                  c4 SP_DFBK2A                  2c SP_DFBK2B                  00 
SP_DFBK2N                  00 SP_DFRLA                   00 SP_DFRLB                   73 SP_DMY_74                  00 
SP_RDC2_HNG                00 SP_RCS2_HNG                03 SP_FDC2_HNG                f7 SP_FCS2_HNG                00 
SP_RDC1_HNG                00 SP_RCS1_HNG                13 SP_FDC1_HNG                c0 SP_FCS1_HNG                00 
SP_ASC1_HNG                00 SP_CNV_HNG                 00 SP_TCA_HNG                 03 SP_P1ACL_NG                00 
SP_DMY_81                  12 SP_DR_TSDNG                05 SP_DR_INITF                e1 SP_DR_RBOTNG               ff 
SP_DR_MCPWDE               ff SP_RAMER                   bf SP_DMY_87                  b2 SP_SSYER                   ff 
SP_TSYER                   ff SP_ASYSER                  c3 SP_DR_DTER                 19 SP_DR_RAMER                ff 
SP_DMY_8D                  ff SP_DMY_8E                  c3 SP_DMY_8F                  0c SP_SELD                    00 
KP_SLZC                    00 KP_SLQC                    00 SP_FLNG                    74 SP_DMY_94                  00 
SP_DMY_95                  00 SP_DMY_96                  03 SP_DMY_97                  f7 SP_DMY_98                  00 
SP_DMY_99                  00 SP_DMY_9A                  23 SP_DMY_9B                  c0 SP_DMY_9C                  00 
SP_DMY_9D                  00 SP_DMY_9E                  00 SP_DMY_9F                  03 SP_D41DGA                  00 
SP_D41DGB                  12 SP_DFCLT1A                 05 SP_DFCLT1B                 5d SP_DFFG1A                  ff 
SP_DFFG1B                  ff SP_DFOLT1A                 be SP_DFOLT1B                 c2 SP_DFCLT2A                 ff 
SP_DFCLT2B                 ff SP_DFFG2A                  c2 SP_DFFG2B                  21 SP_DFOLT2A                 ff 
SP_DFOLT2B                 ff SP_DRCLT1A                 c1 SP_DRCLT1B                 f9 SP_DRFG1A                  00 
SP_DRFG1B                  00 SP_DROLT1A                 00 SP_DROLT1B                 75 SP_DRCLT2A                 00 
SP_DRCLT2B                 00 SP_DRFG2A                  03 SP_DRFG2B                  f7 SP_DROLT2A                 00 
SP_DROLT2B                 00 SP_DMY_BA                  02 SP_DMY_BB                  c0 SP_DMY_BC                  00 
SP_DMY_BD                  00 SP_DMY_BE                  00 SP_DMY_BF                  03 SP_DMY_C0                  00 
SP_DMY_C1                  12 SP_DMY_C2                  04 SP_DMY_C3                  d7 SP_DMY_C4                  ff 
SP_DMY_C5                  ff SP_DMY_C6                  bd SP_DMY_C7                  d2 SP_DMY_C8                  ff 
SP_DMY_C9                  ff SP_DMY_CA                  c1 SP_DMY_CB                  29 SP_DMY_CC                  ff 
SP_DMY_CD                  ff SP_DMY_CE                  c1 SP_DMY_CF                  31 SP_DMY_D0                  00 
SP_DMY_D1                  00 SP_DMY_D2                  00 SP_DMY_D3                  76 SP_DMY_D4                  00 
SP_DMY_D5                  00 SP_DMY_D6                  03 KP_TGVB_CNT                f7 RP_TD5RQ                 0000 
RP_TDLB                  00c0 RP_TDIGEN                0000 RP_ST_TIME               0003 WP_ARUN_UP           0012044f 
WP_ARUN_DN           ffffbce2 WP_ARUN_UPR          ffffc030 WP_ARUN_DNR          ffffc01b SS_CCT10S                  00 
SS_CWDTRC                  00 SS_CWDTOK                  00 SS_CCWC5                   88 SS_CCWC4                   00 
SS_CCWC3                   00 SS_CCWC2                   03 SS_CCWC1                   f7 SS_MCPT10S                 00 
SS_MWDTH                   00 SS_MWDTOK                  00 SS_MRTYRQ                  f0 SP_DMY_FC                  00 
SP_DMY_FD                  00 SP_DMY_FE                  00 SP_DMY_FF                  03 KP_VTOP                    00 
KP_ACC                     11 KP_PTSH                    f9 KP_TSSH                    6a KP_HTOP                    ff 
SP_WINSTA                  ff SP_WINLND                  ac SP_DMY_107                 02 SP_ASLEEP                  ff 
SP_ASNEAR                  ff SP_PCHK                    af SP_PCHK_C5                 71 SP_DMY_10C                 ff 
SP_DMY_10D                 ff SP_DMY_10E                 af SP_DMY_10F                 36 SP_DMY_110                 00 
SP_DMY_111                 00 SP_DMY_112                 00 SP_DMY_113                 8a SP_DMY_114                 00 
SP_DMY_115                 00 SP_DMY_116                 03 SP_DMY_117                 f7 strPowerOnTime(Y)          00 
strPowerOnTime(M)          00 strPowerOnTime(D)          00 strPowerOnTime(H)          c0 strPowerOnTime(M)          00 
strPowerOnTime(S)          00 strPowerOnTime(KEY)        00 strPowerOnTime(YOBI)       03 SP_DMY_120                 00 
SP_DMY_121                 11 SP_DMY_122                 f8 SP_SSUA                    0c SP_SSDA                    ff 
SP_FSSUC1A                 ff SP_FSSDC1A                 aa SP_FSSUC2A                 22 SP_FSSDC2A                 ff 
SP_RSSUC1A                 ff SP_RSSDC1A                 ad SP_RSSUC2A                 81 SP_RSSDC2A                 ff 
SP_HDRNA                   ff SP_HDRNB                   ad SP_DMY_12F                 52 SS_RM                      00 
SP_DMY_131                 00 SS_FWR                     00 SS_RFWR                    8e SS_DCB                     00 
SS_DOOR                    00 SN_DOOR                    03 SN_MELDEN                  f7 SP_DMY_138                 00 
SP_DMY_139                 00 SP_DMY_13A                 01 SP_DMY_13B                 c0 KP_START_TIME_HOUR         00 
KP_START_TIME_MIN          00 KP_START_TIME_SEC          00 KP_START_TIME_KEY          03 
