控制
2023/4/26 星期三 下午 4:26:25
比特
  SN_29         11111111 11111111 11111111 11111111   SS_29LT       11111111 11111111 11111111 11111111 
  SN_PCH        00000000 00000000 00000000 00000000   SN_60         11111111 11111111 11111111 11111111 
  SN_60A        11111111 11111111 11111111 11111111   SW_60E        00000000 00000000 00000000 00000000 
  SP_DIAG_0000H 00000000 00000000 00000000 00000000   SP_DIAG_0000H 00000000 00000000 00000000 00000000 
  SS_PWF        11111111 11111111 11111111 11111111   SS_ACFS       11111111 11111111 11111111 11111111 
  SS_PSPF       11111111 11111111 11111111 11111111   SS_RPWD       00000000 00000000 00000000 00000000 
  SP_DIAG_0000H 00000000 00000000 00000000 00000000   SS_P12VF      00000000 00000000 00000000 00000000 
  SS_24VF       00000000 00000000 00000000 00000000   SP_DIAG_0000H 11111111 11111111 11111111 11111111 
  SW_ACFST      11111111 11111111 11111111 11111111   SW_PSPFT      11111111 11111111 11111111 11111111 
  SP_DIAG_0000H 00000000 00000000 00000000 00000000   SW_D89        11111111 11111111 11111111 11111111 
  SW_EST        00000000 00000000 00000000 00000000   SW_SFS        00000000 00000000 00000000 00000000 
*-SW_NFS        00000000 00000000 11111111 11111111   SD_32GQ       11111111 11111111 11111111 11111111 
  SC_S29        00000000 00000000 00000000 00000000   SS_MCP_D89    11111111 11111111 11111111 11111111 
  SS_DEST       11111111 11111111 11111111 11111111   SP_DIAG_0000H 00000000 00000000 00000000 00000000 
  SW_NDP        00000000 00000000 00000000 00000000   SW_RTY        00000000 00000000 00000000 00000000 
  SW_NRS        11111111 11111111 11111111 11111111   SD_DNRS       11111111 11111111 11111111 11111111 
  SP_RUNC       00000000 00000000 00000000 00000000   SY_FD22       00000000 00000000 00000000 00000000 
  SC_F43        00000000 00000000 00000000 00000000   SC_R43        11111111 11111111 11111111 11111111 
  SY_F1_D21     00000000 00000000 00000000 00000000   SY_F1_D22     00000000 00000000 00000000 00000000 
  SY_R1_D21     00000000 00000000 00000000 00000000   SY_R1_D22     00000000 00000000 00000000 00000000 
  SS_MCP_D21    11111111 11111111 11111111 11111111   SS_MCP_D21R   00000000 00000000 00000000 00000000 
  SS_MCP_D22    00000000 00000000 00000000 00000000   SN_41DGA      11111111 11111111 11111111 11111111 
  SN_41DG       11111111 11111111 11111111 11111111   SN_G4         11111111 11111111 11111111 11111111 
  SN_D41N       11111111 11111111 11111111 11111111   SN_D41        11111111 11111111 11111111 11111111 
  SN_DOQ        00000000 00000000 00000000 00000000   SN_DOQR       00000000 00000000 00000000 00000000 
  SF_F41G       11111111 11111111 11111111 11111111   SF_FCLT       11111111 11111111 11111111 11111111 
  SF_FFG        11111111 11111111 11111111 11111111   SF_FOLT       11111111 11111111 11111111 11111111 
  SF_R41G       00000000 00000000 00000000 00000000   SF_RCLT       00000000 00000000 00000000 00000000 
  SF_RFG        00000000 00000000 00000000 00000000   SF_ROLT       00000000 00000000 00000000 00000000 
  SY_DRL        00000000 00000000 00000000 00000000   SN_RL         00000000 00000000 00000000 00000000 
  SY_DRLOK      00000000 00000000 00000000 00000000   SN_DZCC       00000000 00000000 00000000 00000000 
  ST_41DGL      11111111 11111111 11111111 11111111   SY_DIRF       11111111 11111111 11111111 11111111 
  SY_SELM5      00000000 00000000 00000000 00000000   SY_D5         00000000 00000000 00000000 00000000 
  SS_MCP_D5     11111111 11111111 11111111 11111111   SN_5          00000000 00000000 00000000 00000000 
  SY_DBC        00000000 00000000 00000000 00000000   SY_DCONL      00000000 00000000 00000000 00000000 
  SY_IGEN       00000000 00000000 00000000 00000000   SY_DEPT       00000000 00000000 00000000 00000000 
  SY_WIN        00000000 00000000 00000000 00000000   SY_WM         00000000 00000000 00000000 00000000 
  SP_DIAG_0000H 00000000 00000000 00000000 00000000   SP_DIAG_0000H 00000000 00000000 00000000 00000000 
  SY_DLB        00000000 00000000 00000000 00000000   SN_LB         00000000 00000000 00000000 00000000 
  SY_DSB        00000000 00000000 00000000 00000000   SY_DSB2       00000000 00000000 00000000 00000000 
  SN_BK1        11111111 11111111 11111111 11111111   SN_BK2        11111111 11111111 11111111 11111111 
  SP_DIAG_0000H 00000000 00000000 00000000 00000000   SP_DIAG_0000H 00000000 00000000 00000000 00000000 
  SP_DIAG_0000H 00000000 00000000 00000000 00000000   SP_DIAG_0000H 00000000 00000000 00000000 00000000 
  SP_DIAG_0000H 00000000 00000000 00000000 00000000   SP_DIAG_0000H 00000000 00000000 00000000 00000000 
  SP_DIAG_0000H 00000000 00000000 00000000 00000000   SP_DIAG_0000H 00000000 00000000 00000000 00000000 
  SP_DIAG_0000H 00000000 00000000 00000000 00000000   SP_DIAG_0000H 00000000 00000000 00000000 00000000 
  SW_DOPN       00000000 00000000 00000000 00000000   SS_DKC        11111111 11111111 11111111 11111111 
  SW_41DGA      00000000 00000000 00000000 00000000   SW_41DGB      00000000 00000000 00000000 00000000 
  SW_FCLT1A2A   00000000 00000000 00000000 00000000   SW_FCLT1B2B   00000000 00000000 00000000 00000000 
  SW_FFG1A2A    00000000 00000000 00000000 00000000   SW_FFG1B2B    00000000 00000000 00000000 00000000 
  SW_FOLT1A2A   00000000 00000000 00000000 00000000   SW_FOLT1B2B   00000000 00000000 00000000 00000000 
  SW_RCLT1A2A   00000000 00000000 00000000 00000000   SW_RCLT1B2B   00000000 00000000 00000000 00000000 
  SW_RFG1A2A    00000000 00000000 00000000 00000000   SW_RFG1B2B    00000000 00000000 00000000 00000000 
  SW_ROLT1A2A   00000000 00000000 00000000 00000000   SW_ROLT1B2B   00000000 00000000 00000000 00000000 
  SP_DIAG_0000H 00000000 00000000 00000000 00000000   SW_CFRLA      00000000 00000000 00000000 00000000 
  SW_CFRLB      00000000 00000000 00000000 00000000   SW_CF5A       00000000 00000000 00000000 00000000 
  SW_CF5B       00000000 00000000 00000000 00000000   SW_CF5N       00000000 00000000 00000000 00000000 
  SF_CF5B       00000000 00000000 00000000 00000000   SS_CFO        11111111 11111111 11111111 11111111 
  SS_COV        11111111 11111111 11111111 11111111   SS_CLV        11111111 11111111 11111111 11111111 
  SS_CHG        11111111 11111111 11111111 11111111   SW_CVER       00000000 00000000 00000000 00000000 
  SD_CTER       00000000 00000000 00000000 00000000   SW_CAPC       00000000 00000000 00000000 00000000 
  SF_SYER       00000000 00000000 00000000 00000000   SF_TRNSER     00000000 00000000 00000000 00000000 
  SF_PWFH       00000000 00000000 00000000 00000000   SF_PLLH       00000000 00000000 00000000 00000000 
  SF_GDFH       00000000 00000000 00000000 00000000   SF_CTER       00000000 00000000 00000000 00000000 
  SF_COC        00000000 00000000 00000000 00000000   SF_COCH       00000000 00000000 00000000 00000000 
  SF_CASH       00000000 00000000 00000000 00000000   SY_DLMSK      00000000 00000000 00000000 00000000 
  SY_DCHDRV     11111111 11111111 11111111 11111111   SY_DESTR      00000000 00000000 00000000 00000000 
  SS_LFO        11111111 11111111 11111111 11111111   SP_DIAG_0000H 00000000 00000000 00000000 00000000 
  SS_GDF        11111111 11111111 11111111 11111111   SS_IOC        11111111 11111111 11111111 11111111 
  SP_DIAG_0000H 00000000 00000000 00000000 00000000   SD_IOCF       00000000 00000000 00000000 00000000 
  SP_DIAG_0000H 00000000 00000000 00000000 00000000   SS_WOCH       00000000 00000000 00000000 00000000 
  SS_VOCH       00000000 00000000 00000000 00000000   SS_UOCH       00000000 00000000 00000000 00000000 
  SW_CFOF       00000000 00000000 00000000 00000000   SF_CVQER      00000000 00000000 00000000 00000000 
  SD_CVEE       00000000 00000000 00000000 00000000   SW_CFD41A     00000000 00000000 00000000 00000000 
  SW_FSDE1B     00000000 00000000 00000000 00000000   SW_RSDE1B     00000000 00000000 00000000 00000000 
  SF_FSDE       11111111 11111111 11111111 11111111   SF_RSDE       00000000 00000000 00000000 00000000 
  SW_CFLBA      00000000 00000000 00000000 00000000   SW_CFLBB      00000000 00000000 00000000 00000000 
  SW_CFLBN      00000000 00000000 00000000 00000000   SW_CFBK1A     00000000 00000000 00000000 00000000 
  SW_CFBK1B     00000000 00000000 00000000 00000000   SW_CFBK1N     00000000 00000000 00000000 00000000 
  SW_CFBK2A     00000000 00000000 00000000 00000000   SW_CFBK2B     00000000 00000000 00000000 00000000 
  SW_CFBK2N     00000000 00000000 00000000 00000000   SD_BKEH       00000000 00000000 00000000 00000000 
  SW_BKER1      00000000 00000000 00000000 00000000   SW_BKER2      00000000 00000000 00000000 00000000 
  SW_BKTHM      00000000 00000000 00000000 00000000   SD_AEER       00000000 00000000 00000000 00000000 
  SD_AZER       00000000 00000000 00000000 00000000   SD_THNG       00000000 00000000 00000000 00000000 
  SD_BKZE       00000000 00000000 00000000 00000000   SD_BKGE       00000000 00000000 00000000 00000000 
  SD_BKOCR      00000000 00000000 00000000 00000000   SW_MTHM       00000000 00000000 00000000 00000000 
  ST_CVFBCN     00000000 00000000 00000000 00000000   SP_DIAG_0000H 00000000 00000000 00000000 00000000 
  SP_DIAG_0000H 00000000 00000000 00000000 00000000   SP_DIAG_0000H 00000000 00000000 00000000 00000000 
  SN_FDZU       11111111 11111111 11111111 11111111   SN_FDZD       11111111 11111111 11111111 11111111 
  SN_FRLU       11111111 11111111 11111111 11111111   SN_FRLD       11111111 11111111 11111111 11111111 
  SN_RDZU       00000000 00000000 00000000 00000000   SN_RDZD       00000000 00000000 00000000 00000000 
  SN_RRLU       00000000 00000000 00000000 00000000   SN_RRLD       00000000 00000000 00000000 00000000 
  SN_UL         11111111 11111111 11111111 11111111   SN_DL         11111111 11111111 11111111 11111111 
  SN_UHS        00000000 00000000 00000000 00000000   SN_DHS        00000000 00000000 00000000 00000000 
  SP_DIAG_0000H 00000000 00000000 00000000 00000000   SP_DIAG_0000H 00000000 00000000 00000000 00000000 
  SP_DIAG_0000H 00000000 00000000 00000000 00000000   SP_DIAG_0000H 00000000 00000000 00000000 00000000 
  SP_DIAG_0000H 00000000 00000000 00000000 00000000   SP_DIAG_0000H 00000000 00000000 00000000 00000000 
  SN_USR        00000000 00000000 00000000 00000000   SN_DSR        11111111 11111111 11111111 11111111 
  SN_1USD       11111111 11111111 11111111 11111111   SN_1DSD       11111111 11111111 11111111 11111111 
  SN_FUSD       00000000 00000000 00000000 00000000   SN_FDSD       00000000 00000000 00000000 00000000 
  SW_FDZUA      00000000 00000000 00000000 00000000   SW_FDZDA      00000000 00000000 00000000 00000000 
  SW_FRLUA      00000000 00000000 00000000 00000000   SW_FRLDA      00000000 00000000 00000000 00000000 
  SW_RDZUA      00000000 00000000 00000000 00000000   SW_RDZDA      00000000 00000000 00000000 00000000 
  SW_RRLUA      00000000 00000000 00000000 00000000   SW_RRLDA      00000000 00000000 00000000 00000000 
  SW_ULC        00000000 00000000 00000000 00000000   SW_DLC        00000000 00000000 00000000 00000000 
  SW_TS3SE      00000000 00000000 00000000 00000000   SW_TSSE       00000000 00000000 00000000 00000000 
  SW_TSPE       00000000 00000000 00000000 00000000   SW_UDLB       00000000 00000000 00000000 00000000 
  SW_UDSRB      00000000 00000000 00000000 00000000   SW_FDZRLX     00000000 00000000 00000000 00000000 
  SW_RDZRLX     00000000 00000000 00000000 00000000   SW_DZCCA      00000000 00000000 00000000 00000000 
  SW_DZCCB      00000000 00000000 00000000 00000000   SW_FRLUB      00000000 00000000 00000000 00000000 
  SW_FRLDB      00000000 00000000 00000000 00000000   SW_RRLUB      00000000 00000000 00000000 00000000 
  SW_RRLDB      00000000 00000000 00000000 00000000   SP_DIAG_0000H 11111111 11111111 11111111 11111111 
  SP_DIAG_0000H 00000000 00000000 00000000 00000000   SP_DIAG_0000H 00000000 00000000 00000000 00000000 
  SP_DIAG_0000H 00000000 00000000 00000000 00000000   SP_DIAG_0000H 00000000 00000000 00000000 00000000 
  SW_TGBL       00000000 00000000 00000000 00000000   SW_TGBH       00000000 00000000 00000000 00000000 
  SW_TGBR       00000000 00000000 00000000 00000000   SW_AST        00000000 00000000 00000000 00000000 
  SS_TGBH       11111111 11111111 11111111 11111111   SS_AST        11111111 11111111 11111111 11111111 
  SW_TGBX       00000000 00000000 00000000 00000000   SW_LOVR       00000000 00000000 00000000 00000000 
  SW_DECT       00000000 00000000 00000000 00000000   SD_PVJP       00000000 00000000 00000000 00000000 
  SD_PTC        00000000 00000000 00000000 00000000   SW_RLT        00000000 00000000 00000000 00000000 
  ST_SELZ       00000000 00000000 00000000 00000000   ST_LSA        11111111 11111111 11111111 11111111 
  SD_OVJP       00000000 00000000 00000000 00000000   SP_DIAG_0000H 11111111 11111111 11111111 11111111 
  SP_DIAG_0000H 00000000 00000000 00000000 00000000   SP_DIAG_0000H 00000000 00000000 00000000 00000000 
  SP_DIAG_0000H 00000000 00000000 00000000 00000000   SW_TSLDE      00000000 00000000 00000000 00000000 
  SW_TGRL       00000000 00000000 00000000 00000000   SW_LOS        00000000 00000000 00000000 00000000 
  ST_PATL       11111111 11111111 11111111 11111111   SW_DECTN      00000000 00000000 00000000 00000000 
  SW_WGCN       00000000 00000000 00000000 00000000   SW_WGE2       00000000 00000000 00000000 00000000 
  SW_WGWE       00000000 00000000 00000000 00000000   SW_WGE1       00000000 00000000 00000000 00000000 
  SP_DIAG_0000H 00000000 00000000 00000000 00000000   SW_FTHM1      00000000 00000000 00000000 00000000 
  SP_DIAG_0000H 00000000 00000000 00000000 00000000   SW_FTHM       00000000 00000000 00000000 00000000 
  SW_FTHM2      00000000 00000000 00000000 00000000   SW_FTHMCN     00000000 00000000 00000000 00000000 
  SP_DIAG_0000H 00000000 00000000 00000000 00000000   SD_HRT        00000000 00000000 00000000 00000000 
  SW_SOCR       00000000 00000000 00000000 00000000   SD_OCR        11111111 11111111 11111111 11111111 
  SD_TOCR       11111111 11111111 11111111 11111111   SD_SLIT       00000000 00000000 00000000 00000000 
  SD_OLR        11111111 11111111 11111111 11111111   SW_SOLR       00000000 00000000 00000000 00000000 
  SP_DIAG_0000H 00000000 00000000 00000000 00000000   SP_DIAG_0000H 00000000 00000000 00000000 00000000 
  SP_DIAG_0000H 00000000 00000000 00000000 00000000   SP_DIAG_0000H 00000000 00000000 00000000 00000000 
  SW_STER_RDC2  00000000 00000000 00000000 00000000   SW_STER_RCS2  00000000 00000000 00000000 00000000 
  SW_STER_FDC2  00000000 00000000 00000000 00000000   SW_STER_FCS2  00000000 00000000 00000000 00000000 
  SW_STER_RDC1  00000000 00000000 00000000 00000000   SW_STER_RCS1  00000000 00000000 00000000 00000000 
  SW_STER_FDC1  00000000 00000000 00000000 00000000   SW_STER_FCS1  00000000 00000000 00000000 00000000 
  SW_STER_ASC1  00000000 00000000 00000000 00000000   SW_STER_CNV   00000000 00000000 00000000 00000000 
  SW_STER_TCA   00000000 00000000 00000000 00000000   SW_STER_P1ACL 00000000 00000000 00000000 00000000 
  SW_STER_ELSV  00000000 00000000 00000000 00000000   SW_STER_SETS  00000000 00000000 00000000 00000000 
  SP_DIAG_0000H 00000000 00000000 00000000 00000000   SP_DIAG_0000H 00000000 00000000 00000000 00000000 
  SP_DIAG_0000H 00000000 00000000 00000000 00000000   SP_DIAG_0000H 00000000 00000000 00000000 00000000 
  SP_DIAG_0000H 00000000 00000000 00000000 00000000   SP_DIAG_0000H 00000000 00000000 00000000 00000000 
  SP_DIAG_0000H 00000000 00000000 00000000 00000000   SP_DIAG_0000H 00000000 00000000 00000000 00000000 
  SP_DIAG_0000H 00000000 00000000 00000000 00000000   SP_DIAG_0000H 00000000 00000000 00000000 00000000 
  SP_DIAG_0000H 00000000 00000000 00000000 00000000   SP_DIAG_0000H 00000000 00000000 00000000 00000000 
  SP_DIAG_0000H 00000000 00000000 00000000 00000000   SP_DIAG_0000H 00000000 00000000 00000000 00000000 
  SP_DIAG_0000H 00000000 00000000 00000000 00000000   SP_DIAG_0000H 00000000 00000000 00000000 00000000 
数值25ms
                     1        2        3        4        5        6        7        8        9       10       11       12       13       14       15       16 
  yobi1             00       00       00       00       00       00       00       00       00       00       00       00       00       00       00       00 
  yobi1             00       00       00       00       00       00       00       00       00       00       00       00       00       00       00       00 
  yobi2             00       00       00       00       00       00       00       00       00       00       00       00       00       00       00       00 
  yobi2             00       00       00       00       00       00       00       00       00       00       00       00       00       00       00       00 
  yobi3             00       00       00       00       00       00       00       00       00       00       00       00       00       00       00       00 
  yobi3             00       00       00       00       00       00       00       00       00       00       00       00       00       00       00       00 
  MP_PTMD           01       01       01       01       01       01       01       01       01       01       01       01       01       01       01       01 
  MP_PTMD           01       01       01       01       01       01       01       01       01       01       01       01       01       01       01       01 
  WQ_VPAT     00000000 00000000 00000000 00000000 00000000 00000000 00000000 00000000 00000000 00000000 00000000 00000000 00000000 00000000 00000000 00000000 
  WQ_VPAT     00000000 00000000 00000000 00000000 00000000 00000000 00000000 00000000 00000000 00000000 00000000 00000000 00000000 00000000 00000000 00000000 
  WQ_VTSD     00000000 00000000 00000000 00000000 00000000 00000000 00000000 00000000 00000000 00000000 00000000 00000000 00000000 00000000 00000000 00000000 
  WQ_VTSD     00000000 00000000 00000000 00000000 00000000 00000000 00000000 00000000 00000000 00000000 00000000 00000000 00000000 00000000 00000000 00000000 
  WQ_VPOUT    00000000 00000000 00000000 00000000 00000000 00000000 00000000 00000000 00000000 00000000 00000000 00000000 00000000 00000000 00000000 00000000 
  WQ_VPOUT    00000000 00000000 00000000 00000000 00000000 00000000 00000000 00000000 00000000 00000000 00000000 00000000 00000000 00000000 00000000 00000000 
  WP_SYNC     00026dd9 00026dd9 00026dd9 00026dd9 00026dd9 00026dd9 00026dd9 00026dd9 00026dd9 00026dd9 00026dd9 00026dd9 00026dd9 00026dd9 00026dd9 00026dd9 
  WP_SYNC     00026dd9 00026dd9 00026dd9 00026dd9 00026dd9 00026dd9 00026dd9 00026dd9 00026dd9 00026dd9 00026dd9 00026dd9 00026dd9 00026dd9 00026dd9 00026dd9 
  WQ_RDST     000fffff 000fffff 000fffff 000fffff 000fffff 000fffff 000fffff 000fffff 000fffff 000fffff 000fffff 000fffff 000fffff 000fffff 000fffff 000fffff 
  WQ_RDST     000fffff 000fffff 000fffff 000fffff 000fffff 000fffff 000fffff 000fffff 000fffff 000fffff 000fffff 000fffff 000fffff 000fffff 000fffff 000fffff 
  WQ_RDST_TLP 000fffff 000fffff 000fffff 000fffff 000fffff 000fffff 000fffff 000fffff 000fffff 000fffff 000fffff 000fffff 000fffff 000fffff 000fffff 000fffff 
  WQ_RDST_TLP 000fffff 000fffff 000fffff 000fffff 000fffff 000fffff 000fffff 000fffff 000fffff 000fffff 000fffff 000fffff 000fffff 000fffff 000fffff 000fffff 
  WQ_VGTNR    00000000 00000000 00000000 00000000 00000000 00000000 00000000 00000000 00000000 00000000 00000000 00000000 00000000 00000000 00000000 00000000 
  WQ_VGTNR    00000000 00000000 00000000 00000000 00000000 00000000 00000000 00000000 00000000 00000000 00000000 00000000 00000000 00000000 00000000 00000000 
  MS_FDZ_LS         09       09       09       09       09       09       09       09       09       09       09       09       09       09       09       09 
  MS_FDZ_LS         09       09       09       09       09       09       09       09       09       09       09       09       09       09       09       09 
  MS_FRL_LS         09       09       09       09       09       09       09       09       09       09       09       09       09       09       09       09 
  MS_FRL_LS         09       09       09       09       09       09       09       09       09       09       09       09       09       09       09       09 
  MS_RDZ_LS         00       00       00       00       00       00       00       00       00       00       00       00       00       00       00       00 
  MS_RDZ_LS         00       00       00       00       00       00       00       00       00       00       00       00       00       00       00       00 
  MS_RRL_LS         00       00       00       00       00       00       00       00       00       00       00       00       00       00       00       00 
  MS_RRL_LS         00       00       00       00       00       00       00       00       00       00       00       00       00       00       00       00 
  yobi4             00       00       00       00       00       00       00       00       00       00       00       00       00       00       00       00 
  yobi4             00       00       00       00       00       00       00       00       00       00       00       00       00       00       00       00 
  yobi[0]           00       00       00       00       00       00       00       00       00       00       00       00       00       00       00       00 
  yobi[0]           00       00       00       00       00       00       00       00       00       00       00       00       00       00       00       00 
  yobi[1]           bb       bb       bb       bb       bb       bb       bb       bb       bb       bb       bb       bb       bb       bb       bb       bb 
  yobi[1]           bb       bb       bb       bb       bb       bb       bb       bb       bb       bb       bb       bb       bb       bb       bb       bb 
  yobi[2]           38       38       38       38       38       38       38       38       38       38       38       38       38       38       38       38 
  yobi[2]           38       38       38       38       38       38       38       38       38       38       38       38       38       38       38       38 
  RS_FDZ_LD       9617     9617     9617     9617     9617     9617     9617     9617     9617     9617     9617     9617     9617     9617     9617     9617 
  RS_FDZ_LD       9617     9617     9617     9617     9617     9617     9617     9617     9617     9617     9617     9617     9617     9617     9617     9617 
  RS_FRL_LD       b15b     b15b     b15b     b15b     b15b     b15b     b15b     b15b     b15b     b15b     b15b     b15b     b15b     b15b     b15b     b15b 
  RS_FRL_LD       b15b     b15b     b15b     b15b     b15b     b15b     b15b     b15b     b15b     b15b     b15b     b15b     b15b     b15b     b15b     b15b 
  RS_RDZ_LD       0000     0000     0000     0000     0000     0000     0000     0000     0000     0000     0000     0000     0000     0000     0000     0000 
  RS_RDZ_LD       0000     0000     0000     0000     0000     0000     0000     0000     0000     0000     0000     0000     0000     0000     0000     0000 
  RS_RRL_LD       004c     004c     004c     004c     004c     004c     004c     004c     004c     004c     004c     004c     004c     004c     004c     004c 
  RS_RRL_LD       004c     004c     004c     004c     004c     004c     004c     004c     004c     004c     004c     004c     004c     004c     004c     004c 
  WP_TMP1     0051baec 0051baec 0051baec 0051baec 0051baec 0051baec 0051baec 0051baec 0051baec 0051baec 0051baec 0051baec 0051baec 0051baec 0051baec 0051baec 
  WP_TMP1     0051baec 0051baec 0051baec 0051baec 0051baec 0051baec 0051baec 0051baec 0051baec 0051baec 0051baec 0051baec 0051baec 0051baec 0051baec 0051baec 
  WP_TMP2     00000000 00000000 00000000 00000000 00000000 00000000 00000000 00000000 00000000 00000000 00000000 00000000 00000000 00000000 00000000 00000000 
  WP_TMP2     00000000 00000000 00000000 00000000 00000000 00000000 00000000 00000000 00000000 00000000 00000000 00000000 00000000 00000000 00000000 00000000 
  WP_TMP3     00026cb4 00026cb4 00026cb4 00026cb4 00026cb4 00026cb4 00026cb4 00026cb4 00026cb4 00026cb4 00026cb4 00026cb4 00026cb4 00026cb4 00026cb4 00026cb4 
  WP_TMP3     00026cb4 00026cb4 00026cb4 00026cb4 00026cb4 00026cb4 00026cb4 00026cb4 00026cb4 00026cb4 00026cb4 00026cb4 00026cb4 00026cb4 00026cb4 00026cb4 
  WP_TMP4     ffffffff ffffffff ffffffff ffffffff ffffffff ffffffff ffffffff ffffffff ffffffff ffffffff ffffffff ffffffff ffffffff ffffffff ffffffff ffffffff 
  WP_TMP4     ffffffff ffffffff ffffffff ffffffff ffffffff ffffffff ffffffff ffffffff ffffffff ffffffff ffffffff ffffffff ffffffff ffffffff ffffffff ffffffff 
数值50ms
               1  2  3  4  5  6  7  8  9 10 11 12 13 14 15 16 17 18 19 20 21 22 23 24 25 26 27 28 29 30 31 32 
  MP_DRVMOD   00 00 00 00 00 00 00 00 00 00 00 00 00 00 00 00 00 00 00 00 00 00 00 00 00 00 00 00 00 00 00 00 
  MP_DRVMOD   00 00 00 00 00 00 00 00 00 00 00 00 00 00 00 00 00 00 00 00 00 00 00 00 00 00 00 00 00 00 00 00 
  MP_TR_ANS   00 00 00 00 00 00 00 00 00 00 00 00 00 00 00 00 00 00 00 00 00 00 00 00 00 00 00 00 00 00 00 00 
  MP_TR_ANS   00 00 00 00 00 00 00 00 00 00 00 00 00 00 00 00 00 00 00 00 00 00 00 00 00 00 00 00 00 00 00 00 
  KP_RNGO     00 00 00 00 00 00 00 00 00 00 00 00 00 00 00 00 00 00 00 00 00 00 00 00 00 00 00 00 00 00 00 00 
  KP_RNGO     00 00 00 00 00 00 00 00 00 00 00 00 00 00 00 00 00 00 00 00 00 00 00 00 00 00 00 00 00 00 00 00 
  kp_yobi_3   00 00 00 00 00 00 00 00 00 00 00 00 00 00 00 00 00 00 00 00 00 00 00 00 00 00 00 00 00 00 00 00 
  kp_yobi_3   00 00 00 00 00 00 00 00 00 00 00 00 00 00 00 00 00 00 00 00 00 00 00 00 00 00 00 00 00 00 00 00 
  kp_yobi_4   00 00 00 00 00 00 00 00 00 00 00 00 00 00 00 00 00 00 00 00 00 00 00 00 00 00 00 00 00 00 00 00 
  kp_yobi_4   00 00 00 00 00 00 00 00 00 00 00 00 00 00 00 00 00 00 00 00 00 00 00 00 00 00 00 00 00 00 00 00 
  kp_yobi_5   00 00 00 00 00 00 00 00 00 00 00 00 00 00 00 00 00 00 00 00 00 00 00 00 00 00 00 00 00 00 00 00 
  kp_yobi_5   00 00 00 00 00 00 00 00 00 00 00 00 00 00 00 00 00 00 00 00 00 00 00 00 00 00 00 00 00 00 00 00 
  kp_yobi_6   00 00 00 00 00 00 00 00 00 00 00 00 00 00 00 00 00 00 00 00 00 00 00 00 00 00 00 00 00 00 00 00 
  kp_yobi_6   00 00 00 00 00 00 00 00 00 00 00 00 00 00 00 00 00 00 00 00 00 00 00 00 00 00 00 00 00 00 00 00 
  kp_yobi_7   00 00 00 00 00 00 00 00 00 00 00 00 00 00 00 00 00 00 00 00 00 00 00 00 00 00 00 00 00 00 00 00 
  kp_yobi_7   00 00 00 00 00 00 00 00 00 00 00 00 00 00 00 00 00 00 00 00 00 00 00 00 00 00 00 00 00 00 00 00 
  KP_FDOQ     00 00 00 00 00 00 00 00 00 00 00 00 00 00 00 00 00 00 00 00 00 00 00 00 00 00 00 00 00 00 00 00 
  KP_FDOQ     00 00 00 00 00 00 00 00 00 00 00 00 00 00 00 00 00 00 00 00 00 00 00 00 00 00 00 00 00 00 00 00 
  KP_RDOQ     00 00 00 00 00 00 00 00 00 00 00 00 00 00 00 00 00 00 00 00 00 00 00 00 00 00 00 00 00 00 00 00 
  KP_RDOQ     00 00 00 00 00 00 00 00 00 00 00 00 00 00 00 00 00 00 00 00 00 00 00 00 00 00 00 00 00 00 00 00 
  KP_FDOOR    01 01 01 01 01 01 01 01 01 01 01 01 01 01 01 01 01 01 01 01 01 01 01 01 01 01 01 01 01 01 01 01 
  KP_FDOOR    01 01 01 01 01 01 01 01 01 01 01 01 01 01 01 01 01 01 01 01 01 01 01 01 01 01 01 01 01 01 01 01 
  KP_RDOOR    ff ff ff ff ff ff ff ff ff ff ff ff ff ff ff ff ff ff ff ff ff ff ff ff ff ff ff ff ff ff ff ff 
  KP_RDOOR    ff ff ff ff ff ff ff ff ff ff ff ff ff ff ff ff ff ff ff ff ff ff ff ff ff ff ff ff ff ff ff ff 
  kp_yobi_C   00 00 00 00 00 00 00 00 00 00 00 00 00 00 00 00 00 00 00 00 00 00 00 00 00 00 00 00 00 00 00 00 
  kp_yobi_C   00 00 00 00 00 00 00 00 00 00 00 00 00 00 00 00 00 00 00 00 00 00 00 00 00 00 00 00 00 00 00 00 
  kp_yobi_D   00 00 00 00 00 00 00 00 00 00 00 00 00 00 00 00 00 00 00 00 00 00 00 00 00 00 00 00 00 00 00 00 
  kp_yobi_D   00 00 00 00 00 00 00 00 00 00 00 00 00 00 00 00 00 00 00 00 00 00 00 00 00 00 00 00 00 00 00 00 
  kp_yobi_E   00 00 00 00 00 00 00 00 00 00 00 00 00 00 00 00 00 00 00 00 00 00 00 00 00 00 00 00 00 00 00 00 
  kp_yobi_E   00 00 00 00 00 00 00 00 00 00 00 00 00 00 00 00 00 00 00 00 00 00 00 00 00 00 00 00 00 00 00 00 
  kp_yobi_F   00 00 00 00 00 00 00 00 00 00 00 00 00 00 00 00 00 00 00 00 00 00 00 00 00 00 00 00 00 00 00 00 
  kp_yobi_F   00 00 00 00 00 00 00 00 00 00 00 00 00 00 00 00 00 00 00 00 00 00 00 00 00 00 00 00 00 00 00 00 
  KP_PWOF     01 01 01 01 01 01 01 01 01 01 01 01 01 01 01 01 01 01 01 01 01 01 01 01 01 01 01 01 01 01 01 01 
  KP_PWOF     01 01 01 01 01 01 01 01 01 01 01 01 01 01 01 01 01 01 01 01 01 01 01 01 01 01 01 01 01 01 01 01 
  KP_PW_CLASS 00 00 00 00 00 00 00 00 00 00 00 00 00 00 00 00 00 00 00 00 00 00 00 00 00 00 00 00 00 00 00 00 
  KP_PW_CLASS 00 00 00 00 00 00 00 00 00 00 00 00 00 00 00 00 00 00 00 00 00 00 00 00 00 00 00 00 00 00 00 00 
  kp_yobi_12  00 00 00 00 00 00 00 00 00 00 00 00 00 00 00 00 00 00 00 00 00 00 00 00 00 00 00 00 00 00 00 00 
  kp_yobi_12  00 00 00 00 00 00 00 00 00 00 00 00 00 00 00 00 00 00 00 00 00 00 00 00 00 00 00 00 00 00 00 00 
  kp_yobi_13  00 00 00 00 00 00 00 00 00 00 00 00 00 00 00 00 00 00 00 00 00 00 00 00 00 00 00 00 00 00 00 00 
  kp_yobi_13  00 00 00 00 00 00 00 00 00 00 00 00 00 00 00 00 00 00 00 00 00 00 00 00 00 00 00 00 00 00 00 00 
  kp_yobi_14  00 00 00 00 00 00 00 00 00 00 00 00 00 00 00 00 00 00 00 00 00 00 00 00 00 00 00 00 00 00 00 00 
  kp_yobi_14  00 00 00 00 00 00 00 00 00 00 00 00 00 00 00 00 00 00 00 00 00 00 00 00 00 00 00 00 00 00 00 00 
  kp_yobi_15  00 00 00 00 00 00 00 00 00 00 00 00 00 00 00 00 00 00 00 00 00 00 00 00 00 00 00 00 00 00 00 00 
  kp_yobi_15  00 00 00 00 00 00 00 00 00 00 00 00 00 00 00 00 00 00 00 00 00 00 00 00 00 00 00 00 00 00 00 00 
  kp_yobi_16  00 00 00 00 00 00 00 00 00 00 00 00 00 00 00 00 00 00 00 00 00 00 00 00 00 00 00 00 00 00 00 00 
  kp_yobi_16  00 00 00 00 00 00 00 00 00 00 00 00 00 00 00 00 00 00 00 00 00 00 00 00 00 00 00 00 00 00 00 00 
  kp_yobi_17  00 00 00 00 00 00 00 00 00 00 00 00 00 00 00 00 00 00 00 00 00 00 00 00 00 00 00 00 00 00 00 00 
  kp_yobi_17  00 00 00 00 00 00 00 00 00 00 00 00 00 00 00 00 00 00 00 00 00 00 00 00 00 00 00 00 00 00 00 00 
  KP_ABSPOS   1f 1f 1f 1f 1f 1f 1f 1f 1f 1f 1f 1f 1f 1f 1f 1f 1f 1f 1f 1f 1f 1f 1f 1f 1f 1f 1f 1f 1f 1f 1f 1f 
  KP_ABSPOS   1f 1f 1f 1f 1f 1f 1f 1f 1f 1f 1f 1f 1f 1f 1f 1f 1f 1f 1f 1f 1f 1f 1f 1f 1f 1f 1f 1f 1f 1f 1f 1f 
  kp_yobi_19  00 00 00 00 00 00 00 00 00 00 00 00 00 00 00 00 00 00 00 00 00 00 00 00 00 00 00 00 00 00 00 00 
  kp_yobi_19  00 00 00 00 00 00 00 00 00 00 00 00 00 00 00 00 00 00 00 00 00 00 00 00 00 00 00 00 00 00 00 00 
  kp_yobi_1A  00 00 00 00 00 00 00 00 00 00 00 00 00 00 00 00 00 00 00 00 00 00 00 00 00 00 00 00 00 00 00 00 
  kp_yobi_1A  00 00 00 00 00 00 00 00 00 00 00 00 00 00 00 00 00 00 00 00 00 00 00 00 00 00 00 00 00 00 00 00 
  kp_yobi_1B  00 00 00 00 00 00 00 00 00 00 00 00 00 00 00 00 00 00 00 00 00 00 00 00 00 00 00 00 00 00 00 00 
  kp_yobi_1B  00 00 00 00 00 00 00 00 00 00 00 00 00 00 00 00 00 00 00 00 00 00 00 00 00 00 00 00 00 00 00 00 
  kp_yobi_1C  00 00 00 00 00 00 00 00 00 00 00 00 00 00 00 00 00 00 00 00 00 00 00 00 00 00 00 00 00 00 00 00 
  kp_yobi_1C  00 00 00 00 00 00 00 00 00 00 00 00 00 00 00 00 00 00 00 00 00 00 00 00 00 00 00 00 00 00 00 00 
  kp_yobi_1D  00 00 00 00 00 00 00 00 00 00 00 00 00 00 00 00 00 00 00 00 00 00 00 00 00 00 00 00 00 00 00 00 
  kp_yobi_1D  00 00 00 00 00 00 00 00 00 00 00 00 00 00 00 00 00 00 00 00 00 00 00 00 00 00 00 00 00 00 00 00 
  kp_yobi_1E  00 00 00 00 00 00 00 00 00 00 00 00 00 00 00 00 00 00 00 00 00 00 00 00 00 00 00 00 00 00 00 00 
  kp_yobi_1E  00 00 00 00 00 00 00 00 00 00 00 00 00 00 00 00 00 00 00 00 00 00 00 00 00 00 00 00 00 00 00 00 
  kp_yobi_1F  00 00 00 00 00 00 00 00 00 00 00 00 00 00 00 00 00 00 00 00 00 00 00 00 00 00 00 00 00 00 00 00 
  kp_yobi_1F  00 00 00 00 00 00 00 00 00 00 00 00 00 00 00 00 00 00 00 00 00 00 00 00 00 00 00 00 00 00 00 00 
  kp_yobi_20  00 00 00 00 00 00 00 00 00 00 00 00 00 00 00 00 00 00 00 00 00 00 00 00 00 00 00 00 00 00 00 00 
  kp_yobi_20  00 00 00 00 00 00 00 00 00 00 00 00 00 00 00 00 00 00 00 00 00 00 00 00 00 00 00 00 00 00 00 00 
  kp_yobi_21  00 00 00 00 00 00 00 00 00 00 00 00 00 00 00 00 00 00 00 00 00 00 00 00 00 00 00 00 00 00 00 00 
  kp_yobi_21  00 00 00 00 00 00 00 00 00 00 00 00 00 00 00 00 00 00 00 00 00 00 00 00 00 00 00 00 00 00 00 00 
  kp_yobi_22  00 00 00 00 00 00 00 00 00 00 00 00 00 00 00 00 00 00 00 00 00 00 00 00 00 00 00 00 00 00 00 00 
  kp_yobi_22  00 00 00 00 00 00 00 00 00 00 00 00 00 00 00 00 00 00 00 00 00 00 00 00 00 00 00 00 00 00 00 00 
  kp_yobi_23  00 00 00 00 00 00 00 00 00 00 00 00 00 00 00 00 00 00 00 00 00 00 00 00 00 00 00 00 00 00 00 00 
  kp_yobi_23  00 00 00 00 00 00 00 00 00 00 00 00 00 00 00 00 00 00 00 00 00 00 00 00 00 00 00 00 00 00 00 00 
  kp_yobi_24  00 00 00 00 00 00 00 00 00 00 00 00 00 00 00 00 00 00 00 00 00 00 00 00 00 00 00 00 00 00 00 00 
  kp_yobi_24  00 00 00 00 00 00 00 00 00 00 00 00 00 00 00 00 00 00 00 00 00 00 00 00 00 00 00 00 00 00 00 00 
  kp_yobi_25  00 00 00 00 00 00 00 00 00 00 00 00 00 00 00 00 00 00 00 00 00 00 00 00 00 00 00 00 00 00 00 00 
  kp_yobi_25  00 00 00 00 00 00 00 00 00 00 00 00 00 00 00 00 00 00 00 00 00 00 00 00 00 00 00 00 00 00 00 00 
  kp_yobi_26  00 00 00 00 00 00 00 00 00 00 00 00 00 00 00 00 00 00 00 00 00 00 00 00 00 00 00 00 00 00 00 00 
  kp_yobi_26  00 00 00 00 00 00 00 00 00 00 00 00 00 00 00 00 00 00 00 00 00 00 00 00 00 00 00 00 00 00 00 00 
  kp_yobi_27  00 00 00 00 00 00 00 00 00 00 00 00 00 00 00 00 00 00 00 00 00 00 00 00 00 00 00 00 00 00 00 00 
  kp_yobi_27  00 00 00 00 00 00 00 00 00 00 00 00 00 00 00 00 00 00 00 00 00 00 00 00 00 00 00 00 00 00 00 00 
  kp_yobi_28  00 00 00 00 00 00 00 00 00 00 00 00 00 00 00 00 00 00 00 00 00 00 00 00 00 00 00 00 00 00 00 00 
  kp_yobi_28  00 00 00 00 00 00 00 00 00 00 00 00 00 00 00 00 00 00 00 00 00 00 00 00 00 00 00 00 00 00 00 00 
  kp_yobi_29  00 00 00 00 00 00 00 00 00 00 00 00 00 00 00 00 00 00 00 00 00 00 00 00 00 00 00 00 00 00 00 00 
  kp_yobi_29  00 00 00 00 00 00 00 00 00 00 00 00 00 00 00 00 00 00 00 00 00 00 00 00 00 00 00 00 00 00 00 00 
  kp_yobi_2A  00 00 00 00 00 00 00 00 00 00 00 00 00 00 00 00 00 00 00 00 00 00 00 00 00 00 00 00 00 00 00 00 
  kp_yobi_2A  00 00 00 00 00 00 00 00 00 00 00 00 00 00 00 00 00 00 00 00 00 00 00 00 00 00 00 00 00 00 00 00 
  kp_yobi_2B  00 00 00 00 00 00 00 00 00 00 00 00 00 00 00 00 00 00 00 00 00 00 00 00 00 00 00 00 00 00 00 00 
  kp_yobi_2B  00 00 00 00 00 00 00 00 00 00 00 00 00 00 00 00 00 00 00 00 00 00 00 00 00 00 00 00 00 00 00 00 
  kp_yobi_2C  00 00 00 00 00 00 00 00 00 00 00 00 00 00 00 00 00 00 00 00 00 00 00 00 00 00 00 00 00 00 00 00 
  kp_yobi_2C  00 00 00 00 00 00 00 00 00 00 00 00 00 00 00 00 00 00 00 00 00 00 00 00 00 00 00 00 00 00 00 00 
  kp_yobi_2D  00 00 00 00 00 00 00 00 00 00 00 00 00 00 00 00 00 00 00 00 00 00 00 00 00 00 00 00 00 00 00 00 
  kp_yobi_2D  00 00 00 00 00 00 00 00 00 00 00 00 00 00 00 00 00 00 00 00 00 00 00 00 00 00 00 00 00 00 00 00 
  kp_yobi_2E  00 00 00 00 00 00 00 00 00 00 00 00 00 00 00 00 00 00 00 00 00 00 00 00 00 00 00 00 00 00 00 00 
  kp_yobi_2E  00 00 00 00 00 00 00 00 00 00 00 00 00 00 00 00 00 00 00 00 00 00 00 00 00 00 00 00 00 00 00 00 
  kp_yobi_2F  00 00 00 00 00 00 00 00 00 00 00 00 00 00 00 00 00 00 00 00 00 00 00 00 00 00 00 00 00 00 00 00 
  kp_yobi_2F  00 00 00 00 00 00 00 00 00 00 00 00 00 00 00 00 00 00 00 00 00 00 00 00 00 00 00 00 00 00 00 00 
  KP_80       00 00 00 00 00 00 00 00 00 00 00 00 00 00 00 00 00 00 00 00 00 00 00 00 00 00 00 00 00 00 00 00 
  KP_80       00 00 00 00 00 00 00 00 00 00 00 00 00 00 00 00 00 00 00 00 00 00 00 00 00 00 00 00 00 00 00 00 
  KP_81       00 00 00 00 00 00 00 00 00 00 00 00 00 00 00 00 00 00 00 00 00 00 00 00 00 00 00 00 00 00 00 00 
  KP_81       00 00 00 00 00 00 00 00 00 00 00 00 00 00 00 00 00 00 00 00 00 00 00 00 00 00 00 00 00 00 00 00 
  KP_F43      01 01 01 01 01 01 01 01 01 01 01 01 01 01 01 01 01 01 01 01 01 01 01 01 01 01 01 01 01 01 01 01 
  KP_F43      01 01 01 01 01 01 01 01 01 01 01 01 01 01 01 01 01 01 01 01 01 01 01 01 01 01 01 01 01 01 01 01 
  KP_R43      03 03 03 03 03 03 03 03 03 03 03 03 03 03 03 03 03 03 03 03 03 03 03 03 03 03 03 03 03 03 03 03 
  KP_R43      03 03 03 03 03 03 03 03 03 03 03 03 03 03 03 03 03 03 03 03 03 03 03 03 03 03 03 03 03 03 03 03 
  KP_PWOFRQ   00 00 00 00 00 00 00 00 00 00 00 00 00 00 00 00 00 00 00 00 00 00 00 00 00 00 00 00 00 00 00 00 
  KP_PWOFRQ   00 00 00 00 00 00 00 00 00 00 00 00 00 00 00 00 00 00 00 00 00 00 00 00 00 00 00 00 00 00 00 00 
  kp_yobi_35  00 00 00 00 00 00 00 00 00 00 00 00 00 00 00 00 00 00 00 00 00 00 00 00 00 00 00 00 00 00 00 00 
  kp_yobi_35  00 00 00 00 00 00 00 00 00 00 00 00 00 00 00 00 00 00 00 00 00 00 00 00 00 00 00 00 00 00 00 00 
  kp_yobi_36  00 00 00 00 00 00 00 00 00 00 00 00 00 00 00 00 00 00 00 00 00 00 00 00 00 00 00 00 00 00 00 00 
  kp_yobi_36  00 00 00 00 00 00 00 00 00 00 00 00 00 00 00 00 00 00 00 00 00 00 00 00 00 00 00 00 00 00 00 00 
  kp_yobi_37  00 00 00 00 00 00 00 00 00 00 00 00 00 00 00 00 00 00 00 00 00 00 00 00 00 00 00 00 00 00 00 00 
  kp_yobi_37  00 00 00 00 00 00 00 00 00 00 00 00 00 00 00 00 00 00 00 00 00 00 00 00 00 00 00 00 00 00 00 00 
  kp_yobi_38  00 00 00 00 00 00 00 00 00 00 00 00 00 00 00 00 00 00 00 00 00 00 00 00 00 00 00 00 00 00 00 00 
  kp_yobi_38  00 00 00 00 00 00 00 00 00 00 00 00 00 00 00 00 00 00 00 00 00 00 00 00 00 00 00 00 00 00 00 00 
  kp_yobi_39  00 00 00 00 00 00 00 00 00 00 00 00 00 00 00 00 00 00 00 00 00 00 00 00 00 00 00 00 00 00 00 00 
  kp_yobi_39  00 00 00 00 00 00 00 00 00 00 00 00 00 00 00 00 00 00 00 00 00 00 00 00 00 00 00 00 00 00 00 00 
  kp_yobi_3A  00 00 00 00 00 00 00 00 00 00 00 00 00 00 00 00 00 00 00 00 00 00 00 00 00 00 00 00 00 00 00 00 
  kp_yobi_3A  00 00 00 00 00 00 00 00 00 00 00 00 00 00 00 00 00 00 00 00 00 00 00 00 00 00 00 00 00 00 00 00 
  kp_yobi_3B  00 00 00 00 00 00 00 00 00 00 00 00 00 00 00 00 00 00 00 00 00 00 00 00 00 00 00 00 00 00 00 00 
  kp_yobi_3B  00 00 00 00 00 00 00 00 00 00 00 00 00 00 00 00 00 00 00 00 00 00 00 00 00 00 00 00 00 00 00 00 
  kp_yobi_3C  00 00 00 00 00 00 00 00 00 00 00 00 00 00 00 00 00 00 00 00 00 00 00 00 00 00 00 00 00 00 00 00 
  kp_yobi_3C  00 00 00 00 00 00 00 00 00 00 00 00 00 00 00 00 00 00 00 00 00 00 00 00 00 00 00 00 00 00 00 00 
  kp_yobi_3D  00 00 00 00 00 00 00 00 00 00 00 00 00 00 00 00 00 00 00 00 00 00 00 00 00 00 00 00 00 00 00 00 
  kp_yobi_3D  00 00 00 00 00 00 00 00 00 00 00 00 00 00 00 00 00 00 00 00 00 00 00 00 00 00 00 00 00 00 00 00 
  kp_yobi_3E  00 00 00 00 00 00 00 00 00 00 00 00 00 00 00 00 00 00 00 00 00 00 00 00 00 00 00 00 00 00 00 00 
  kp_yobi_3E  00 00 00 00 00 00 00 00 00 00 00 00 00 00 00 00 00 00 00 00 00 00 00 00 00 00 00 00 00 00 00 00 
  kp_yobi_3F  00 00 00 00 00 00 00 00 00 00 00 00 00 00 00 00 00 00 00 00 00 00 00 00 00 00 00 00 00 00 00 00 
  kp_yobi_3F  00 00 00 00 00 00 00 00 00 00 00 00 00 00 00 00 00 00 00 00 00 00 00 00 00 00 00 00 00 00 00 00 
快照
KC_80                      00 KC_81                      00 KC_F43                     01 KC_R43                     03 
SP_DMY_04                  00 KP_FSYD                    16 KP_FSY                     16 KP_FSA                     16 
KP_FADV                    16 KP_FTA                     16 KP_FTP                     00 SP_DMY_0B                  00 
SP_DMY_0C                  00 KV_FDOCT1                  00 KV_RDOCT1                  00 SP_DMY_0F                  00 
RF_WEIGHT                0024 RQ_FWGHT_KG              0000 RQ_FWGHT_NM              0000 SP_DMY_16                  00 
MP_DRVMD                   86 KP_FEA                     00 KP_FERC                    00 SP_DMY_1A                  00 
SP_DMY_1B                  00 VV_ALL_DISTANCE      00016dd9 VV_CAR_DISTANCE      00016dd9 VV_CPOS_FSY          00000000 
KP_UTSD                    00 KP_DTSD                    00 SP_DMY_2A                  00 SP_DMY_2B                  00 
SP_DMY_2C                  00 SP_DMY_2D                  00 SP_DMY_2E                  00 SP_DMY_2F                  00 
RQ_CVFB_NM               0281 KQ_IFTHM_NM                12 SP_DMY_33                  ff SP_DMY_34                  36 
SP_DMY_35                  00 SP_DMY_36                  00 SP_DMY_37                  00 SP_DMY_38                  00 
SP_DMY_39                  00 SP_DMY_3A                  00 SP_DMY_3B                  00 SP_DMY_3C                  00 
SP_DMY_3D                  00 SP_DMY_3E                  00 SP_DMY_3F                  00 SP_DMY_40                  00 
SP_DMY_41                  00 SP_DMY_42                  00 SP_DMY_43                  00 SP_DMY_44                  00 
SP_DMY_45                  00 SP_DMY_46                  00 SP_DMY_47                  00 SP_DMY_48                  00 
SP_DMY_49                  00 SP_DMY_4A                  00 SP_DMY_4B                  00 SP_DMY_4C                  00 
SP_DMY_4D                  00 SP_DMY_4E                  00 SP_DMY_4F                  00 SP_EST1                    00 
SP_EST2                    00 SP_SLIP                    00 SP_SYSWAIT                 00 SP_SYSWAITL                00 
SP_NRSL                    00 KP_NRSLRQ                  00 SP_DMY_57                  00 SP_DMY_58                  00 
SP_DMY_59                  00 SP_DMY_5A                  00 SP_DMY_5B                  00 SP_DMY_5C                  00 
SP_DMY_5D                  00 SP_DMY_5E                  00 SP_DMY_5F                  00 SP_DMY_60                  00 
SP_DMY_61                  00 SP_DMY_62                  00 SP_DMY_63                  00 SP_DMY_64                  00 
SP_DMY_65                  00 SP_DF5A                    00 SP_DF5B                    00 SP_DF5N                    00 
SP_DFLBA                   00 SP_DFLBB                   00 SP_DFLBN                   00 SP_DFBK1A                  00 
SP_DFBK1B                  00 SP_DFBK1N                  00 SP_DFBK2A                  00 SP_DFBK2B                  00 
SP_DFBK2N                  00 SP_DFRLA                   00 SP_DFRLB                   00 SP_DMY_74                  00 
SP_RDC2_HNG                00 SP_RCS2_HNG                00 SP_FDC2_HNG                00 SP_FCS2_HNG                00 
SP_RDC1_HNG                00 SP_RCS1_HNG                00 SP_FDC1_HNG                00 SP_FCS1_HNG                00 
SP_ASC1_HNG                00 SP_CNV_HNG                 00 SP_TCA_HNG                 00 SP_P1ACL_NG                00 
SP_DMY_81                  00 SP_DR_TSDNG                00 SP_DR_INITF                00 SP_DR_RBOTNG               00 
SP_DR_MCPWDE               00 SP_RAMER                   00 SP_DMY_87                  00 SP_SSYER                   00 
SP_TSYER                   00 SP_ASYSER                  00 SP_DR_DTER                 00 SP_DR_RAMER                00 
SP_DMY_8D                  00 SP_DMY_8E                  00 SP_DMY_8F                  00 SP_SELD                    00 
KP_SLZC                    00 KP_SLQC                    00 SP_FLNG                    00 SP_DMY_94                  00 
SP_DMY_95                  00 SP_DMY_96                  00 SP_DMY_97                  00 SP_DMY_98                  00 
SP_DMY_99                  00 SP_DMY_9A                  00 SP_DMY_9B                  00 SP_DMY_9C                  00 
SP_DMY_9D                  00 SP_DMY_9E                  00 SP_DMY_9F                  00 SP_D41DGA                  00 
SP_D41DGB                  00 SP_DFCLT1A                 00 SP_DFCLT1B                 00 SP_DFFG1A                  00 
SP_DFFG1B                  00 SP_DFOLT1A                 00 SP_DFOLT1B                 00 SP_DFCLT2A                 00 
SP_DFCLT2B                 00 SP_DFFG2A                  00 SP_DFFG2B                  00 SP_DFOLT2A                 00 
SP_DFOLT2B                 00 SP_DRCLT1A                 00 SP_DRCLT1B                 00 SP_DRFG1A                  00 
SP_DRFG1B                  00 SP_DROLT1A                 00 SP_DROLT1B                 00 SP_DRCLT2A                 00 
SP_DRCLT2B                 00 SP_DRFG2A                  00 SP_DRFG2B                  00 SP_DROLT2A                 00 
SP_DROLT2B                 00 SP_DMY_BA                  00 SP_DMY_BB                  00 SP_DMY_BC                  00 
SP_DMY_BD                  00 SP_DMY_BE                  00 SP_DMY_BF                  00 SP_DMY_C0                  00 
SP_DMY_C1                  00 SP_DMY_C2                  00 SP_DMY_C3                  00 SP_DMY_C4                  00 
SP_DMY_C5                  00 SP_DMY_C6                  00 SP_DMY_C7                  00 SP_DMY_C8                  00 
SP_DMY_C9                  00 SP_DMY_CA                  00 SP_DMY_CB                  00 SP_DMY_CC                  00 
SP_DMY_CD                  00 SP_DMY_CE                  00 SP_DMY_CF                  00 SP_DMY_D0                  00 
SP_DMY_D1                  00 SP_DMY_D2                  00 SP_DMY_D3                  00 SP_DMY_D4                  00 
SP_DMY_D5                  00 SP_DMY_D6                  00 KP_TGVB_CNT                00 RP_TD5RQ                 007a 
RP_TDLB                  006b RP_TDIGEN                0074 RP_ST_TIME               ffff WP_ARUN_UP           00000000 
WP_ARUN_DN           00000000 WP_ARUN_UPR          00000000 WP_ARUN_DNR          00000000 SS_CCT10S                  00 
SS_CWDTRC                  ff SS_CWDTOK                  ff SS_CCWC5                   00 SS_CCWC4                   00 
SS_CCWC3                   00 SS_CCWC2                   00 SS_CCWC1                   00 SS_MCPT10S                 00 
SS_MWDTH                   ff SS_MWDTOK                  ff SS_MRTYRQ                  00 SP_DMY_FC                  01 
SP_DMY_FD                  2f SP_DMY_FE                  ff SP_DMY_FF                  c4 KP_VTOP                    0b 
KP_ACC                     04 KP_PTSH                    08 KP_TSSH                    08 KP_HTOP                    04 
SP_WINSTA                  ff SP_WINLND                  ff SP_DMY_107                 00 SP_ASLEEP                  00 
SP_ASNEAR                  00 SP_PCHK                    00 SP_PCHK_C5                 00 SP_DMY_10C                 00 
SP_DMY_10D                 00 SP_DMY_10E                 ff SP_DMY_10F                 88 SP_DMY_110                 00 
SP_DMY_111                 24 SP_DMY_112                 00 SP_DMY_113                 6c SP_DMY_114                 0b 
SP_DMY_115                 08 SP_DMY_116                 08 SP_DMY_117                 00 strPowerOnTime(Y)          23 
strPowerOnTime(M)          04 strPowerOnTime(D)          26 strPowerOnTime(H)          16 strPowerOnTime(M)          24 
strPowerOnTime(S)          31 strPowerOnTime(KEY)        bf strPowerOnTime(YOBI)       16 SP_DMY_120                 00 
SP_DMY_121                 00 SP_DMY_122                 00 SP_SSUA                    00 SP_SSDA                    00 
SP_FSSUC1A                 00 SP_FSSDC1A                 00 SP_FSSUC2A                 00 SP_FSSDC2A                 00 
SP_RSSUC1A                 00 SP_RSSDC1A                 00 SP_RSSUC2A                 00 SP_RSSDC2A                 00 
SP_HDRNA                   00 SP_HDRNB                   00 SP_DMY_12F                 00 SS_RM                      ff 
SP_DMY_131                 00 SS_FWR                     ff SS_RFWR                    ff SS_DCB                     00 
SS_DOOR                    ff SN_DOOR                    00 SN_MELDEN                  ff SP_DMY_138                 00 
SP_DMY_139                 00 SP_DMY_13A                 00 SP_DMY_13B                 00 KP_START_TIME_HOUR         16 
KP_START_TIME_MIN          25 KP_START_TIME_SEC          20 KP_START_TIME_KEY          b7 
驱动
2023/4/28 星期五 下午 3:34:27
比特5ms
*-VW_SWERR            00000000 00000000 00000000 11000000 *-ST_PVJP             00000000 00000000 00000000 11000000 
  ST_BKOC1            00000000 00000000 00000000 00000000   ST_BKOC2            00000000 00000000 00000000 00000000 
  ST_BKNC1            00000000 00000000 00000000 00000000   ST_BKNC2            00000000 00000000 00000000 00000000 
  ST_BKBD1            00000000 00000000 00000000 00000000   ST_BKBD2            00000000 00000000 00000000 00000000 
  ST_BKSC1            00000000 00000000 00000000 00000000   ST_BKSC2            00000000 00000000 00000000 00000000 
  ST_BKPA1            00000000 00000000 00000000 00000000   ST_BKPA2            00000000 00000000 00000000 00000000 
  ST_BKPH1            00000000 00000000 00000000 00000000   ST_BKPH2            00000000 00000000 00000000 00000000 
  ST_BKPH1_TRG        00000000 00000000 00000000 00000000   ST_BKPH2_TRG        00000000 00000000 00000000 00000000 
  ST_BKCE1            00000000 00000000 00000000 00000000   ST_BKCE2            00000000 00000000 00000000 00000000 
  strMCPOBUF.VJ_AST   11111111 11111111 11111111 11111111   strMCPOBUF.VJ_DEST  11111111 11111111 11111111 11111111 
  strMCPOBUF.VJ_DKC   11111111 11111111 11111111 11111111   strMCPOBUF.VJ_TGBH  11111111 11111111 11111111 11111111 
  strMCPOBUF.VJ_TSDNG 00000000 00000000 00000000 00000000   ST_BKEH             00000000 00000000 00000000 00000000 
比特10ms
  ST_CTER                     00000000 00000000 00000000 00000000   ST_CVEE                     00000000 00000000 00000000 00000000 
  strDRBKRAM.strBKDATA.ST_HRT 00000000 00000000 00000000 00000000   ST_OCR1                     11111111 11111111 11111111 11111111 
  ST_TOCR                     11111111 11111111 11111111 11111111   ST_AEER                     00000000 00000000 00000000 00000000 
  ST_AZER                     00000000 00000000 00000000 00000000   ST_OVJP                     00000000 00000000 00000000 00000000 
  ST_WGHT_F2                  00000000 00000000 00000000 00000000   ST_SLIT                     00000000 00000000 00000000 00000000 
  ST_OLR                      11111111 11111111 11111111 11111111   ST_MCBOC                    00000000 00000000 00000000 00000000 
  ST_MOCR                     00000000 00000000 00000000 00000000   ST_AOLR1                    00000000 00000000 00000000 00000000 
  ST_AOLR2                    00000000 00000000 00000000 00000000   ST_TRC_CTRL                 00000000 00000000 00000000 00000000 
*-SN_LB_D                     11111111 11111111 11100000 00000000 *-SN_5_D                      11111111 11111111 11111111 10000000 
  SN_60_D                     11111111 11111111 11111111 11111111   SN_60A_D                    11111111 11111111 11111111 11111111 
*-SN_BK1_D                    00000000 00000000 00000001 11111111 *-SN_BK2_D                    00000000 00000000 00000001 11111111 
  SN_DZU                      11111111 11111111 11111111 11111111   SN_DZD                      11111111 11111111 11111111 11111111 
  SN_RLU                      00000000 00000000 00000000 00000000 *-SN_RLD                      11111111 11111111 11111111 11000000 
  ST_USR                      11111111 11111111 11111111 11111111   ST_DSR                      11111111 11111111 11111111 11111111 
  SS_COVH                     11111111 11111111 11111111 11111111   SS_CHG_D                    11111111 11111111 11111111 11111111 
  SS_PWFH                     00000000 00000000 00000000 00000000   SS_RPWD_D                   11111111 11111111 11111111 11111111 
  SS_GDFH                     00000000 00000000 00000000 00000000   KS_SPA                      00000000 00000000 00000000 00000000 
  KS_SW1DN                    00000000 00000000 00000000 00000000   KS_SW1UP                    00000000 00000000 00000000 00000000 
*-strSEIKU2.VT_32G            11111111 11111111 11111111 00000000   ST_D83D                     11111111 11111111 11111111 11111111 
  ST_D83U                     00000000 00000000 00000000 00000000 *-strSEIKU2.VT_WM             11111111 11111111 11111111 00000000 
*-strSEIKU2.VT_DLB            11111111 11111111 11111111 00000000 *-strSEIKU2.VT_DSB            11111111 11111111 11111111 00000000 
*-strSEIKU2.VT_DSB            11111111 11111111 11111111 00000000   strSEIKU2.VT_RCUT           00000000 00000000 00000000 00000000 
  strSEIKU2.VT_SLOK           00000000 00000000 00000000 00000000   strSEIKU2.VT_MLMD           00000000 00000000 00000000 00000000 
  strSEIKU2.VT_RLMD           00000000 00000000 00000000 00000000   strSEIKU2.VT_RLMD           00000000 00000000 00000000 00000000 
*-ST_LSA                      11111111 11111111 11111111 11000000 *-ST_VT0                      00000000 00000000 00000000 00011000 
*-ST_VT4                      11111111 11111111 11111111 10000000 *-ST_VT10                     00000001 11111111 11111110 00000000 
  ST_VT18                     00000000 00000000 00000000 00000000 *-ST_VTENCK                   00000000 00000000 00000010 00000000 
*-VW_32GQ                     11111111 11111111 11111111 10000000   VW_60F                      11111111 11111111 11111111 11111111 
  VW_89ST                     11111111 11111111 11111111 11111111   VW_DZS                      11111111 11111111 11111111 11111111 
  VW_6T2                      11111111 11111111 11111111 11111111   VW_RUNFT                    11111111 11111111 11111111 11111111 
*-VW_RUNF                     11111111 11111111 11111111 00000000 *-VW_RUNFE                    11111111 11111111 11111111 00000000 
  VW_DNRS                     11111111 11111111 11111111 11111111   VW_BKCEC                    00000000 00000000 00000000 00000000 
  VW_ACFS2                    00000000 00000000 00000000 00000000   VW_ESTA                     00000000 00000000 00000000 00000000 
  VW_MCBOC                    00000000 00000000 00000000 00000000   Backup                      00000000 00000000 00000000 00000000 
  Backup                      00000000 00000000 00000000 00000000   Backup                      00000000 00000000 00000000 00000000 
  Backup                      00000000 00000000 00000000 00000000   Backup                      00000000 00000000 00000000 00000000 
比特50ms
  ST_DTER 00000000 00000000 00000000 00000000   Dummy   00000000 00000000 00000000 00000000 
  Dummy   00000000 00000000 00000000 00000000   Dummy   00000000 00000000 00000000 00000000 
  Dummy   00000000 00000000 00000000 00000000   Dummy   00000000 00000000 00000000 00000000 
  Dummy   00000000 00000000 00000000 00000000   Dummy   00000000 00000000 00000000 00000000 
数值5ms
                             1        2        3        4        5        6        7        8        9       10       11       12       13       14       15       16 
*-strSEIKU1.VP_PTMD         02       6f       00       4d       00       f8       fe       f4       ff       f4       13       fc       ef       80       4b       0b 
*-strSEIKU1.VP_PTMD         02       02       02       f8       f9       fa       ff       fa       00       00       00       00       00       f9       00       00 
*-KP_ASCNT                  02       bf       02       02       03       a9       ff       90       f7       71       00       28       10       02       0b       80 
*-KP_ASCNT                  40       70       70       cb       70       71       96       6d       00       00       00       00       00       c9       00       00 
*-RP_5MS_CNT              0202     6fc0     0002     4cdf     0003     ee11     fedb     f482     fff3     f472     1230     0080     ed50     8002     4b0b     0230 
*-RP_5MS_CNT              01c0     0270     0270     f8b7     f95b     fbd5     ff5d     0000     0000     0000     0000     0000     0000     ffff     0000     0000 
*-strMCPOBUF.RJ_M1H       0202     6fc1     0002     4cbb     0004     dfee     feb6     f473     0005     f467     1070     04f8     ecb0     8002     4b0b     01d0 
*-strMCPOBUF.RJ_M1H       0190     0270     0270     f89f     f945     fccd     0000     0000     0000     0000     0000     0000     0000     f9b7     0000     0000 
*-strMCPOBUF.RJ_M1        0202     6fc2     0002     4c97     0005     d47e     fe91     f46b     000f     f45b     0db8     0958     ed18     8002     4b0f     0180 
*-strMCPOBUF.RJ_M1        0170     0270     0270     f887     f930     fd7d     0000     0000     0000     0000     0000     0000     0000     ffff     0000     0000 
*-strMCPOBUF.RJ_MTH       0202     6fc3     0002     4c73     0006     c6ea     fe6b     f46c     0008     f44f     09f8     0d50     eeb0     0002     4b0f     0170 
*-strMCPOBUF.RJ_MTH       01d0     0270     0270     f871     0000     fe1c     0000     0000     0000     0000     0000     0000     ffff     f9a1     0000     0000 
*-strMCPOBUF.RJ_MTL       0202     6fc4     0002     4c4e     0007     bd91     fe45     f460     ffef     f455     0598     1050     f148     0002     4b0f     01b0 
*-strMCPOBUF.RJ_MTL       01a0     0270     0270     0000     0000     febb     0000     0000     0000     0000     0000     0000     face     ffff     0000     0000 
*-strMCPOBUF.RJ_MPC       0202     6fc5     0002     4c29     0008     afc8     fe1e     f454     fff9     f441     0100     1270     f5a0     0002     4b0f     0160 
*-strMCPOBUF.RJ_MPC       0180     0270     0270     0000     0000     ff25     0000     0000     0000     0000     0000     0000     ffff     f98d     0000     0000 
*-strMCPOBUF.RJ_IQS       0202     6fc6     0002     4c03     0009     a4dd     fdf7     f445     0010     f439     fc48     1360     fa30     0002     4b0f     0140 
*-strMCPOBUF.RJ_IQS       0160     0270     004c     0000     0000     ff7b     0000     0000     0000     0000     0000     0000     faba     ffff     0000     0000 
*-strMCPOBUF.RJ_ID        0202     6fc7     0002     4bdd     000a     973b     fdcf     f440     fff9     f428     f700     12f8     ffd0     0002     4b0f     0130 
*-strMCPOBUF.RJ_ID        0140     004c     0006     0000     0000     ffcc     0000     0000     f4a0     0000     0000     0000     ffff     f979     0000     0000 
*-strMCPOBUF.RJ_IQ        0202     6fc8     0002     4bb6     000b     8ccf     fda7     f43e     ffe8     f42e     f2d8     fff0     ffc8     0002     4b0f     0110 
*-strMCPOBUF.RJ_IQ        0130     0006     0000     0000     0000     ffd9     0000     fb27     f485     0000     0000     0000     faa7     ffff     0000     0000 
*-strMCPOBUF.RJ_IU        0202     6fc9     0002     4b8f     000c     7fb8     fd7e     f430     0005     f41b     0040     0010     ffd0     0002     4b0f     0110 
*-strMCPOBUF.RJ_IU        0120     0000     0000     0000     0000     ffed     fb4b     fb0c     f477     0000     0000     0000     ffff     f966     0000     0000 
*-strMCPOBUF.RJ_IV        0202     6fca     0002     4b67     000d     74ce     fd55     f421     0011     0011     0028     0010     ffb8     0002     4b0f     00f0 
*-strMCPOBUF.RJ_IV        0110     0000     0000     0000     0000     ffdc     fb30     fafe     f477     0000     0000     0000     fa96     ffff     0000     0000 
*-strMCPOBUF.RJ_IW        0202     6fcb     0002     4b3f     000e     6749     fd2b     f413     0008     fffd     0020     0018     ffc0     0002     4b0f     00e0 
*-strMCPOBUF.RJ_IW        0100     0000     0000     0000     fb03     ffdc     fb23     fafe     f46f     0000     0000     0000     ffff     f954     0000     0000 
*-strMCPOBUF.RJ_ZCTH      0101     6fcc     0002     4b16     000f     5d65     fd01     f40f     0004     fff8     0030     0010     ffd0     0002     4b0f     00d0 
*-strMCPOBUF.RJ_ZCTH      0100     0000     0000     faf5     faec     ffdb     fb23     faf6     f46f     0000     0000     0000     fa84     ffff     0000     0000 
*-strMCPOBUF.RJ_ZCTL      0101     6fcd     0002     4aed     0010     4f5f     fcd6     f339     0007     0000     0030     0010     ffc0     0002     4b0f     00e0 
*-strMCPOBUF.RJ_ZCTL      0100     0000     fa54     fae2     fada     ffdb     fb1c     faf6     f461     0000     0000     0000     ffff     f93e     0000     0000 
*-strMCPOBUF.RJ_IBK1      0101     6fce     0002     4ac3     0011     4460     fcb1     f1d1     fffc     0000     0020     0010     ffc0     0002     4b0f     00d0 
*-strMCPOBUF.RJ_IBK1      00f0     00ac     fa3e     fad0     fac5     ffda     fb1c     fae8     f446     0000     0000     0000     fa74     ffff     0000     0000 
*-strMCPOBUF.RJ_IBK2      0000     6fcf     0002     4a99     0012     3ba3     fc96     f030     0000     0000     0030     0010     ffc8     0002     4b0f     00c0 
*-strMCPOBUF.RJ_IBK2      00aa     00a9     fa29     fabd     fab3     ffda     fb0f     facd     f446     0000     0000     0000     ffff     f928     0000     0000 
*-strMCPOBUF.RJ_VBKF1     0000     6fd0     0002     4a6e     0013     2c35     fc81     0000     0000     0000     0030     0010     ffc8     0002     4b0f     2b20 
*-strMCPOBUF.RJ_VBKF1     00ab     00b0     fa17     faab     fa9f     ffd9     faf4     facd     f43e     0000     0000     0000     fa60     ffff     0000     0000 
*-strMCPOBUF.RJ_VBKF2     0000     6fd1     0002     4a49     0014     1ffd     fc71     0000     0000     0000     0028     0010     ffc8     0002     2b30     2b40 
*-strMCPOBUF.RJ_VBKF2     00ad     00ab     fa03     fa98     fa8d     ffd9     faf4     fac5     f444     0000     0000     0000     ffff     f914     0000     0000 
*-RQ_MAIN_TRQ             0000     6fd2     0002     4a2e     0015     0c92     fc65     0000     0000     0000     0028     0010     ffd0     4b0b     2b40     2b40 
*-RQ_MAIN_TRQ             00ac     00ac     f9f1     fa86     fa79     ffd9     faed     facb     f429     0000     0000     0000     fa4c     ffff     0000     0000 
*-RQ_PAT_NM               0000     6fd3     0002     4a19     0016     f83e     fc5d     0000     0000     0000     0028     0010     8002     4b0b     2b40     2b30 
*-RQ_PAT_NM               00ae     00ae     f9dc     fa72     fa62     ffd8     faf4     fab0     f41a     0000     0000     0000     ffff     f901     0000     0000 
*-RQ_TACH_NMA             0000     6fd4     0002     4a09     0016     e245     fc58     0000     0000     0000     0020     1220     8002     4b0b     2b30     2b40 
*-RQ_TACH_NMA             00af     00ae     f9c6     fa5f     fa55     ffd7     fad9     faa1     f414     0000     0000     0000     fa3a     ffff     0000     0000 
*-RQ_TCH_NM               0000     6fd5     0002     49fd     0017     ba71     fc55     0000     0000     0000     f718     11e0     8002     4b0b     2b30     2b40 
*-RQ_TCH_NM               00ae     00b0     f9b2     fa4c     fa47     ffd7     facb     fa9b     f419     0000     0000     0000     ffff     f8ee     0000     0000 
*-Dummy                   0000     6fd6     0002     49f5     0018     9078     fc54     0000     0000     f6c8     f3f0     10d8     8002     4b0b     2b40     2b40 
*-Dummy                   00ae     00b0     f99e     fa39     fa2c     ffd6     fac5     faa0     f412     0000     0000     0000     fa28     0000     0000     0000 
*-Dummy                   0000     6fd7     0002     49f0     0019     44d9     fc54     0000     f4c1     fa30     f140     0f18     8002     4b0b     2b40     2b30 
*-Dummy                   00b0     00b0     f98c     fa25     fa17     ffd6     facb     fa99     f3f7     0000     0000     0000     ffff     0000     0000     0000 
*-strSEIKU1.WQ_VPOUT  00000000 6fd86fd9 00020002 49ed49ec 001a001a 44d944d9 fc54f4be 000e0008 f4b3f4a4 fde801a8 ef40edf0 0c800940 80028002 4b0b4b0b 2b402b30 2b202b30 
*-strSEIKU1.WQ_VPOUT  00af00b2 00b100ae f975f95f fa11f9fd fa06f9f3 ffd5ffd4 fac5faaa fa7efa76 f3eff3e0 00000000 00000000 00000000 fa17ffff 00000000 00000000 00000000 
*-Dummy               00000000 6fda6fdb 00020002 49ec49ec 001a330d ffcfffae f4baf4b0 0006fff6 f49bf49b 05900950 ed70edd8 05700160 80028002 4b0b4b0b 2b402b30 2b202b50 
*-Dummy               00af0181 016d025c f94af937 f9eaf9d6 f9e2f9c9 ffd4ffd3 faa3fa95 fa67fa6e f3e7f3e6 00000000 00000000 00000000 fa02ffff 00000000 00000000 00000000 
*-Dummy               00000000 6fdc6fdd 00024d67 00ff0000 244f1984 ff8cff6a f4a5f4a1 fff40000 f499f496 0cb80f90 ef10f128 fd50f910 80028002 4b0b4b0b 2b4028c0 29002030 
*-Dummy               025f026f 026f0270 f923f90b f9c1f9ad f9b8f9a9 ffd2ffd2 fa9cfa9c fa6dfa40 f3b9f37c 00000000 00000000 00000000 f9eeffff 00000000 00000000 00000000 
*-Dummy               00006fbe 00020002 4d464d24 00010002 0aec002a ff47ff23 f49af495 000d0001 f483f47f 118812d0 f420f7d8 f528f1a8 80028002 4b0b4b0b 202016e0 15c00460 
*-Dummy               02700270 02700270 f8f5f8df f998f984 f98ef97b ffd1ffbf fa81fa6d fa03f9ca f3430000 00000000 00000000 00000000 f9dbffff 00000000 00000000 00000000 
数值10ms
                         1    2    3    4    5    6    7    8    9   10   11   12   13   14   15   16 
*-MP_ELF                00   00   00   6f   6f   00   00   00   1d   1d   fc   fc   fc   00   00   00 
*-MP_ELF                00   00   f9   f9   00   00   00   00   00   00   00   00   00   00   00   00 
*-MP_TSDP               00   00   00   b4   ce   01   01   01   4c   4c   ec   ec   ec   00   00   00 
*-MP_TSDP               00   00   79   79   00   00   00   00   00   00   00   00   00   00   00   00 
*-RP_5MS_CNT          0000 0000 0000 6fb6 6fd0 0001 0001 0001 1d4c 1d4c fcec fcec fcec 0000 0000 0000 
*-RP_5MS_CNT          0000 0000 f979 0000 0000 0000 0000 0000 0000 0000 0000 0000 0000 0000 0000 0000 
*-strSEIKU2.VP_RUNMD  0000 0000 0000 6fb8 6fd2 0001 0001 0001 1d4c 1d4c fcec fcec fcec 0000 0000 0000 
*-strSEIKU2.VP_RUNMD  0000 0000 f979 0000 0000 0000 0000 0000 0000 0000 0000 0000 0000 0000 0000 0000 
*-strSEIKU2.WP_ES_SPD 0000 0000 0000 6fba 6fd4 0001 0001 0001 1d4c 1d4c fcec fcec fcec 0000 0000 0000 
*-strSEIKU2.WP_ES_SPD 0000 f979 f979 0000 0000 0000 0000 0000 0000 0000 0000 0000 0000 0000 0000 0000 
*-strSEIKU2.RQ_UBLD   0000 0000 0000 6fbc 6fd6 0001 0001 0001 1d4c 1d4c fcec fcec 0000 0000 0000 0000 
*-strSEIKU2.RQ_UBLD   0000 f979 f979 0000 0000 0000 0000 0000 0000 0000 0000 0000 0000 0000 0000 0000 
*-strSEIKU2.RQ_WGHTNM 0000 0000 0000 6fbe 6fd8 0001 0001 1d4c 1d4c 1d4c fcec fcec 0000 0000 0000 0000 
*-strSEIKU2.RQ_WGHTNM 0000 f979 f979 0000 0000 0000 0000 0000 0000 0000 0000 0000 0000 0000 0000 0000 
*-strSEIKU2.RQ_ROPCMP 0000 0000 6fa6 6fc0 6fda 0001 0001 1d4c 1d4c 1d4c fcec fcec 0000 0000 0000 0000 
*-strSEIKU2.RQ_ROPCMP 0000 f979 f979 0000 0000 0000 0000 0000 0000 0000 0000 0000 0000 0000 0000 0000 
*-RQ_WGH              0000 0000 6fa8 6fc2 6fdc 0001 0001 1d4c 1d4c 1d4c fcec fcec 0000 0000 0000 0000 
*-RQ_WGH              0000 f979 f979 0000 0000 0000 0000 0000 0000 0000 0000 0000 0000 0000 0000 0000 
*-Dummy               0000 0000 6faa 6fc4 6fde 0001 0001 1d4c 1d4c 1d4c fcec fcec 0000 0000 0000 0000 
*-Dummy               0000 f979 f979 0000 0000 0000 0000 0000 0000 0000 0000 0000 0000 0000 0000 0000 
*-Dummy               0000 0000 6fac 6fc6 6fe0 0001 0001 1d4c 1d4c 1d4c fcec fcec 0000 0000 0000 0000 
*-Dummy               0000 f979 f979 0000 0000 0000 0000 0000 0000 0000 0000 0000 0000 0000 0000 0000 
*-Dummy               0000 0000 6fae 6fc8 6fe2 0001 0001 1d4c 1d4c 1d4c fcec fcec 0000 0000 0000 0000 
*-Dummy               0000 f979 f979 0000 0000 0000 0000 0000 0000 0000 0000 0000 0000 0000 0000 0000 
*-Dummy               0000 0000 6fb0 6fca 6fe4 0001 0001 1d4c 1d4c fcec fcec fcec 0000 0000 0000 0000 
*-Dummy               0000 f979 f979 0000 0000 0000 0000 0000 0000 0000 0000 0000 0000 0000 0000 0000 
*-Dummy               0000 0000 6fb2 6fcc 0001 0001 0001 1d4c 1d4c fcec fcec fcec 0000 0000 0000 0000 
*-Dummy               0000 f979 f979 0000 0000 0000 0000 0000 0000 0000 0000 0000 0000 0000 0000 0000 
数值50ms
                1    2    3    4    5    6    7    8    9   10   11   12   13   14   15   16 
*-RP_5MS_CNT 6ee6 0000 0000 0000 0000 0000 0000 0000 0000 0000 0000 0000 0000 0000 0000 0000 
*-RP_5MS_CNT 0000 0000 0000 0000 0000 0000 0000 0000 0000 0000 0000 0000 0000 0000 0000 0000 
  Dummy      0000 0000 0000 0000 0000 0000 0000 0000 0000 0000 0000 0000 0000 0000 0000 0000 
  Dummy      0000 0000 0000 0000 0000 0000 0000 0000 0000 0000 0000 0000 0000 0000 0000 0000 
快照
KC_MGN                              08 KC_DGN                              08 KC_SP                               00 KC_IG                               08 
KC_FGN                              0b KC_DLB                              08 KC_PGL                              08 KC_DPG3                             08 
KC_WGHO                             08 KC_WGHG                             08 KC_BKL1                             00 KC_BKL2                             00 
KC_BKG1                             08 KC_BKG2                             00 strSEIKU2.KP_SET0                   0d strSEIKU2.KP_SET1                   00 
strSEIKU2.KP_MON0                   0c strSEIKU2.KP_MON1                   80 MC_SPD                              6c MC_TRMCH                            04 
MC_TRMCL                            00 MC_ACC                              01 MC_ACCM                             84 MC_GOV                              00 
MC_BAN                              ff KC_A2F                              ff KC_P2F                              00 Dummy                               00 
Dummy                               00 Dummy                               00 Dummy                               00 Dummy                               00 
RC_RTCAP                          0640 RC_ENCAJ                          0009 strDRBKRAM.strBKDATA.RC_THDLC     0000 RC_UBLDAD                         ffff 
Dummy                             0000 Dummy                             0000 Dummy                             0000 Dummy                             0000 
Dummy                             0000 Dummy                             0000 Dummy                             0000 Dummy                             0000 
Dummy                             0000 Dummy                             0000 Dummy                             0000 Dummy                             0000 
Dummy                         00000000 Dummy                         00000000 Dummy                         00000000 Dummy                         00000000 
Dummy                         00000000 Dummy                         00000000 Dummy                         00000000 Dummy                         00000000 
管理
2023/4/26 星期三 上午 11:42:52
Time          Year                       23 23 23 23 23 23 23 23 23 23 23 23 23 23 23 23 23 23 23 23 23 23 23 23 23 23 23 23 23 23 23 23 23 23 23 23 23 23 23 23 23 23 23 23 23 23 23 23 23 23 23 23 23 23 23 23 23 23 
              Month                      04 04 04 04 04 04 04 04 04 04 04 04 04 04 04 04 04 04 04 04 04 04 04 04 04 04 04 04 04 04 04 04 04 04 04 04 04 04 04 04 04 04 04 04 04 04 04 04 04 04 04 04 04 04 04 04 04 04 
              Day                        26 26 26 26 26 26 26 26 26 26 26 26 26 26 26 26 26 26 26 26 26 26 26 26 26 26 26 26 26 26 26 26 26 26 26 26 26 26 26 26 26 26 26 26 26 26 26 26 26 26 26 26 26 26 26 26 26 26 
              Hour                       09 09 09 09 09 09 09 09 09 09 09 09 09 09 09 09 09 09 09 09 09 09 09 09 09 09 09 09 09 09 09 09 09 09 09 09 09 09 09 09 09 09 09 09 09 09 09 09 09 09 09 09 09 09 09 09 09 09 
              Minute                     45 45 45 45 45 45 45 45 45 45 45 45 45 45 45 45 46 46 46 46 46 46 46 46 46 46 46 46 46 46 46 46 46 46 46 46 46 46 46 46 46 46 46 46 46 46 46 46 46 46 46 46 46 46 46 46 46 46 
              Second                     44 44 44 45 46 46 47 51 51 51 52 53 55 59 59 59 00 00 00 01 03 07 07 07 07 09 10 10 11 12 12 15 17 17 19 20 20 20 21 23 27 27 27 27 29 31 31 33 33 36 38 40 40 41 41 42 42 42 
              5msCounter                 48 5C AC C0 B0 C4 F0 FC 10 24 4C B4 44 50 50 64 78 B4 C8 B8 F8 04 18 2C 54 BC E8 FC 10 3C 50 94 FC 10 04 18 68 7C 6C AC B8 CC E0 08 70 00 14 54 68 AC 28 1C 30 80 94 48 84 AC 
                                                                                    T                                                                                                                                F 
Operation     KQ_OP_OPRMD                2A                                                                                                                                                                            
              KQ_OP_OPRSTA               00                                                                                                                                                                            
              SQ_OP_EQH_REQ              00                                                                                                                                                                            
              SQ_OP_EQM_REQ              00                                                                                                                                                                            
              SQ_OP_EQL_REQ              00                                                                                                                                                                            
              SQ_OP_FES_REQ              00                                                                                                                                                                            
              SQ_OP_FE2S_REQ             00                                                                                                                                                                            
              SQ_OP_FE_REQ               00                                                                                                                                                                            
              SQ_OP_FER_REQ              00                                                                                                                                                                            
              SQ_OP_50C_REQ              00                                                                                                                                                                            
              SQ_OP_DOCKING_REQ          00                                                                                                                                                                            
              SQ_OP_EMGRET_REQ           00                                                                                                                                                                            
              SQ_OP_HOSPITAL_REQ         00                                                                                                                                                                            
              SQ_OP_NLH_REQ              00                                                                                                                                                                            
              SQ_OP_RUNOFF_REQ           00                                                                                                                                                                            
              SQ_OP_ABNM_CARMC           00                                                                                                                                                                            
              SQ_OP_ABNM_NFSC            00                                                                                                                                                                            
              SQ_OP_ABNM_HALMC           00                                                                                                                                                                            
              SQ_OP_NRSL_REQ             00                                                                                                                                                                            
              SQ_OP_29_REQ               00                                                                                                                                                                            
              SQ_OP_IND_REQ              00                                                                                                                                                                            
              SQ_OP_WA_REQ               00                                                                                                                                                                            
              SQ_OP_VIP_REQ              00                                                                                                                                                                            
              SQ_OP_RET_REQ              00                                                                                                                                                                            
              SQ_OP_HOS_REQ              00                                                                                                                                                                            
              SQ_OP_RCS_REQ              00                                                                                                                                                                            
              SQ_OP_NSCB_REQ             00                                                                                                                                                                            
              SQ_OP_SCSB_REQ             00                                                                                                                                                                            
              SQ_OP_SU_SUSPEND_REQ       00                                                                                                                                                                            
              SQ_OP_NEARBY_STOP_REQ      00                                                                                                                                                                            
Call          VQ_CC_FCLLS                00             01                                                                   01    01       00                                     00    00                   01       
              VQ_CC_RCLLS                00             00                                                                   00    00       00                                     00    00                   00       
              VQ_CC_FKIND                00             00                                                                   00    01       01                                     00    00                   00       
              VQ_CC_RKIND                00             00                                                                   00    00       00                                     00    00                   00       
              VQ_CH_FKIND                01             01                                                                   00    00       00                                     00    01                   01       
              VQ_CH_RKIND                00             00                                                                   00    00       00                                     00    00                   00       
CarMovement   VQ_CSYN                    12 12    12    12          12                   12    12             12                12 12 13 13    13 13    13             13             13 13 12 12 12 12    12 12       
              VQ_CADV                    12 12    12    12          12                   12    12             12                13 13 13 13    13 13    13             13             12 12 12 12 12 12    12 12       
              VQ_CM_CAR_MOVE_STS         05 05    00    00          01                   01    00             01                02 03 03 04    05 05    00             01             02 03 03 04 05 05    00 00       
              VQ_CM_START_DIR            00 00    00    00          01                   00    00             01                01 00 00 00    00 00    00             02             02 00 00 00 00 00    00 00       
              VQ_CM_STOP_LEVEL           01 01    01    01          01                   01    01             01                01 00 00 00    01 01    01             01             01 00 00 00 01 01    01 01       
              VQ_CM_START_REQ            02 00    00    00          10                   00    00             10                10 02 02 02    02 00    00             10             10 02 02 02 02 00    00 00       
              VQ_CM_GOFLOOR              12 12    FF    13          13                   13    13             13                13 13 13 13    13 13    12             12             12 12 12 12 12 12    FF 06       
              VQ_CM_START_FLOOR          0C 0C    0C    0C          0C                   0C    0C             0C                12 12 12 12    12 12    12             12             13 13 13 13 13 13    13 13       
DoorOperation TQ_DR_PMTOPN_FRONT         01 01 01    01    01 01 01    01 01 01 01    01    01    01 01 01 01    01 01 01 01    00             01 01 01    01 01 01 01    01 01 01    00          01 01 01       01    
              TQ_DR_PMTOPN_REAR          00 00 00    00    00 00 00    00 00 00 00    00    00    00 00 00 00    00 00 00 00    00             00 00 00    00 00 00 00    00 00 00    00          00 00 00       00    
              KQ_DR_DCUT                 00 00 00    00    00 00 00    00 00 00 00    00    00    00 00 00 00    00 00 00 00    00             00 00 00    00 00 00 00    00 00 00    00          00 00 00       00    
              KZ_F43                     03 02 02    02    02 02 03    03 03 03 03    02    02    02 02 02 03    03 03 03 03    03             03 02 02    02 02 02 03    03 03 03    03          03 02 02       02    
              KZ_R43                     03 03 03    03    03 03 03    03 03 03 03    03    03    03 03 03 03    03 03 03 03    03             03 03 03    03 03 03 03    03 03 03    03          03 03 03       03    
              VQ_DR_F43                  02 02 02    02    02 03 03    03 03 03 02    02    02    02 02 03 03    03 03 03 03    03             02 02 02    02 02 03 03    03 03 03    03          02 02 02       02    
              VQ_DR_R43                  03 03 03    03    03 03 03    03 03 03 03    03    03    03 03 03 03    03 03 03 03    03             03 03 03    03 03 03 03    03 03 03    03          03 03 03       03    
              PQ_DR_OPN_ELM_FRONT        01 01 01    01    01 00 00    00 00 00 07    07    07    07 07 00 00    00 00 00 00    00             01 01 01    01 01 00 00    00 00 00    00          01 01 01       01    
              PQ_DR_OPN_ELM_REAR         00 00 00    00    00 00 00    00 00 00 00    00    00    00 00 00 00    00 00 00 00    00             00 00 00    00 00 00 00    00 00 00    00          00 00 00       00    
              KB_41DGL                   01 01 00    00    00 00 00    00 00 00 00    00    00    00 00 00 00    00 00 00 01    01             01 01 00    00 00 00 00    00 00 01    01          01 01 00       00    
              SE_FCLT                    01 01 00    00    00 00 00    00 00 01 01    01    00    00 00 00 00    00 00 01 01    01             01 01 00    00 00 00 00    00 00 01    01          01 01 00       00    
              SE_RCLT                    00 00 00    00    00 00 00    00 00 00 00    00    00    00 00 00 00    00 00 00 00    00             00 00 00    00 00 00 00    00 00 00    00          00 00 00       00    
              SE_FFG                     01 01 01    00    00 00 00    00 01 01 01    01    01    00 00 00 00    00 01 01 01    01             01 01 01    00 00 00 00    00 01 01    01          01 01 01       00    
              SE_RFG                     00 00 00    00    00 00 00    00 00 00 00    00    00    00 00 00 00    00 00 00 00    00             00 00 00    00 00 00 00    00 00 00    00          00 00 00       00    
              SE_FOLT                    01 01 01    01    00 00 00    01 01 01 01    01    01    01 00 00 00    01 01 01 01    01             01 01 01    01 00 00 00    01 01 01    01          01 01 01       01    
              SE_ROLT                    00 00 00    00    00 00 00    00 00 00 00    00    00    00 00 00 00    00 00 00 00    00             00 00 00    00 00 00 00    00 00 00    00          00 00 00       00    
              PQ_DR_CLS_ELM_FRONT        00 00 00    00    00 03 03    03 03 03 00    00    00    00 00 03 03    03 03 03 00    00             00 00 00    00 00 03 03    03 03 00    00          00 00 00       00    
              PQ_DR_CLS_ELM_REAR         00 00 00    00    00 00 00    00 00 00 00    00    00    00 00 00 00    00 00 00 00    00             00 00 00    00 00 00 00    00 00 00    00          00 00 00       00    
              PQ_DR_FRCCLS_ELM_FRONT     00 00 00    00    00 00 00    00 00 00 00    00    00    00 00 00 00    00 00 00 00    00             00 00 00    00 00 00 00    00 00 00    00          00 00 00       00    
              PQ_DR_FRCCLS_ELM_REAR      00 00 00    00    00 00 00    00 00 00 00    00    00    00 00 00 00    00 00 00 00    00             00 00 00    00 00 00 00    00 00 00    00          00 00 00       00    
              KZ_FDOSPD                  00 00 00    00    00 00 00    00 00 00 00    00    00    00 00 00 00    00 00 00 00    00             00 00 00    00 00 00 00    00 00 00    00          00 00 00       00    
              KZ_RDOSPD                  00 00 00    00    00 00 00    00 00 00 00    00    00    00 00 00 00    00 00 00 00    00             00 00 00    00 00 00 00    00 00 00    00          00 00 00       00    
              PQ_DR_DOOR_STATUS_FRONT    01 01 02    02    03 03 03    02 02 02 02    02    02    02 03 03 03    02 02 02 01    01             01 01 02    02 03 03 03    02 02 01    01          01 01 02       02    
              PQ_DR_DOOR_STATUS_REAR     00 00 00    00    00 00 00    00 00 00 00    00    00    00 00 00 00    00 00 00 00    00             00 00 00    00 00 00 00    00 00 00    00          00 00 00       00    
              PQ_DR_DOOR_FLCLS_STA_FRONT 02 03 03    03    03 03 03    03 03 03 03    03    03    03 03 03 03    03 03 03 01    01             02 03 03    03 03 03 03    03 03 01    01          02 03 03       03    
              PQ_DR_DOOR_FLCLS_STA_REAR  00 00 00    00    00 00 00    00 00 00 00    00    00    00 00 00 00    00 00 00 00    00             00 00 00    00 00 00 00    00 00 00    00          00 00 00       00    
              PQ_DR_DOOR_HFOPN_STA_FRONT 05 05 03    03    03 03 03    05 05 05 02    03    03    03 03 03 03    05 05 05 05    05             05 05 03    03 03 03 03    05 05 05    05          05 05 03       03    
              PQ_DR_DOOR_HFOPN_STA_REAR  00 00 00    00    00 00 00    00 00 00 00    00    00    00 00 00 00    00 00 00 00    00             00 00 00    00 00 00 00    00 00 00    00          00 00 00       00    
              PQ_DR_DOOR_FLOPN_STA_FRONT 05 05 05    05    01 04 05    05 05 05 05    05    05    05 01 04 05    05 05 05 05    05             05 05 05    05 01 04 05    05 05 05    05          05 05 05       05    
              PQ_DR_DOOR_FLOPN_STA_REAR  00 00 00    00    00 00 00    00 00 00 00    00    00    00 00 00 00    00 00 00 00    00             00 00 00    00 00 00 00    00 00 00    00          00 00 00       00    
Fault                                                                              00                                                                                                                                  
                                                                                   30                                                                                                                                  
                                                                                   50                                                                                                                                  
                                                                                   25                                                                                                                                  
